0.653265317384876 0.607717041800643 0.0627769593630711 0.14628681327569 0.54238203256085 0.409177752193701
0.733442489338549 0.614147909967846 0.364666797680412 0.586407851809814 0.446769085289259 0.566195178490513
0.624203833260222 0.852090032154341 0.627390341539696 0.698315995851059 0.906030433861906 0.679577453886393
0.960524609688224 0.372990353697749 0.0377853050533701 0.14628681327569 0.54238203256085 0.299644656240733
0.587555113984672 0.881028938906752 0.651870961301186 0.698315995851059 0.948956831360198 0.678953862675296
0.447783903589461 0.684887459807074 0.651870961301186 0.537928287085493 0.504360359271172 0.590244848183219
0.282107643013957 0.823151125401929 0.535864850877831 0.698315995851059 0.698992812307588 0.590337806084472
0.678946159117823 0.977491961414791 0.677011272611858 0.648112165764814 0.959470548634581 0.692317834388597
0.568794101845926 0.495176848874598 0.212301736056019 0.330754098579341 0.461440391953408 0.4103389317501
0.0920974377335113 0.369774919614148 0.514533088885132 0 0.345151165628032 0.249695287954865
0.45962076036697 0.726688102893891 0.627390341539696 0.813835943159381 0.576511917064749 0.658852632936608
0.264212953838001 0.282958199356913 0.288311411730046 0.330754098579341 0.251177881351502 0.285220107182034
0.838144518631749 0.536977491961415 0.103921070155539 0.431951498630542 0.577712029562796 0.44877411252887
0.0943002179325689 0.418006430868167 0.872315059239456 0.14628681327569 0.37671321092182 0.32914857278233
0.53738914958334 0.37620578778135 0.142676209888969 0.276878336588371 0.54238203256085 0.320102995378981
0.0319617938015645 0.170418006430868 0.288311411730046 0.109460570166983 0.297714090063855 0.138241080720511
0.0920974377335113 0.495176848874598 0.651870961301186 0.330754098579341 0.345151165628032 0.391595981502083
0.380195749497416 0.42443729903537 0.160638560180396 0.478500208370274 0.425197123396491 0.365953168723885
0.574756541596515 0.852090032154341 0.514533088885132 0.537928287085493 0.906279170348755 0.573853547086948
0.447783903589461 0.707395498392283 0.651870961301186 0.648112165764814 0.534638273041246 0.613577422358525
0.624203833260222 0.790996784565916 0.702821340058883 0.648112165764814 0.787626392518638 0.681991751836799
0.37229422454257 0.514469453376206 0.118411387620891 0.478500208370274 0.426381567824689 0.387060503776675
0.497518889439109 0.697749196141479 0.364666797680412 0.762069215881706 0.545827622174543 0.5950439208981
0.331936012998115 0.591639871382637 0.435109676650442 0.813835943159381 0.373402878468002 0.522998935208445
0.95389389968847 0.614147909967846 0.317359789168927 0.478500208370274 0.541846771121584 0.55001568451094
0.112997765091634 0.289389067524116 0.364666797680412 0.375096326822705 0.340364209656664 0.299566040379568
0.477693450646586 0.520900321543408 0.30259286301709 0.586407851809814 0.456465584558899 0.472585844774577
0.248390015295632 0.508038585209003 0.348387373858333 0.698315995851059 0.196417131978639 0.436653442919329
0.137262567188558 0.466237942122186 0.84227296084362 0.648112165764814 0.13374705164952 0.521791807005725
0.520007272502554 0.482315112540193 0.151473062091352 0.879457573779522 0.490644359566877 0.462090500073903
0.487969100610572 0.495176848874598 0.30259286301709 0.586407851809814 0.472547172297344 0.460916856586626
0.996599260591482 0.260450160771704 0.0344140650881236 0.537928287085493 0.522524124327678 0.411864394787664
0.800747091354065 0.681672025723473 0.248287429082999 0.375096326822705 0.62400673902109 0.541286528558693
0.578199312791976 0.302250803858521 0.0124913481881143 0.478500208370274 0.431470205460584 0.356036058581087
0.436530366541305 0.530546623794212 0.235855628913216 0.762069215881706 0.421554293789165 0.467838630770194
0.193539590305605 0.627009646302251 0.729311266753165 0.478500208370274 0.4060769942587 0.516793954821393
0.599645871301088 0.839228295819936 0.677011272611858 0.648112165764814 0.896945497904282 0.666504963400866
0.624203833260222 0.70096463022508 0.45409947520914 0.648112165764814 0.604293623101357 0.607685493568877
0.229309177435793 0.398713826366559 0.514533088885132 0.879457573779522 0.357470147594291 0.458352701393212
0.436530366541305 0.340836012861736 0.103921070155539 0.586407851809814 0.43922249187054 0.360356149470559
0.0599869667484552 0.115755627009646 0.19043410482179 0.330754098579341 0.11524471378286 0.158660335749376
0.644531471726606 0.919614147909968 0.580368112670072 0.431951498630542 0.978008191179652 0.607256433498583
0.123786496643052 0.356913183279743 0.651870961301186 0.586407851809814 0.321589642533872 0.451789372128531
0.373014750548881 0.67524115755627 0.677011272611858 0.431951498630542 0.492273466820332 0.566057571274588
0.352666511771161 0.559485530546624 0.45409947520914 0.648112165764814 0.370060206106487 0.502725396144472
0.527755422491181 0.614147909967846 0.348387373858333 0.762069215881706 0.49950823011503 0.553202176000461
0.358882450620784 0.646302250803859 0.288311411730046 0.537928287085493 0.400230285072868 0.459245851200629
0.574756541596515 0.553054662379421 0.0627769593630711 0.14628681327569 0.484490739390077 0.374799184454458
0.468350509903207 0.244372990353698 0.0142652230366629 0.813835943159381 0.446605950999208 0.355300242555391
0.838144518631749 0.688102893890675 0.201161614766783 0.537928287085493 0.609690387195748 0.569941906534433
0.419645600427018 0.546623794212219 0.416681108881079 0.478500208370274 0.373361575968726 0.458903540983861
0.53738914958334 0.495176848874598 0.288311411730046 0.648112165764814 0.5102579264357 0.486077358221909
0.44438345610826 0.514469453376206 0.0229210014580571 0.478500208370274 0.430080452015314 0.382031821731182
0.454221970283483 0.742765273311897 0.398804151407348 0.932657205166915 0.536009547976478 0.628774906940128
0.759624535804641 0.263665594855305 0.0451777231561929 0.932657205166915 0.441575697347599 0.528507108363871
0.624203833260222 0.627009646302251 0.381469226123769 1 0.44066527512852 0.601779386818186
0.212305199965966 0.446945337620579 0.603559387552338 0.648112165764814 0.287497191085724 0.496407759568975
0.479355609665668 0.559485530546624 0.30259286301709 0.648112165764814 0.478893769297346 0.497603227071375
0.626337600918792 0.813504823151125 0.603559387552338 0.478500208370274 0.858234508001551 0.604464768630078
0.838144518631749 0.778135048231511 0.514533088885132 0.586407851809814 0.784143281526494 0.690874525308028
0.429320233895678 0.520900321543408 0.348387373858333 0.235132365207418 0.381943494410943 0.380155644145435
0.204514989037123 0.440514469453376 0.288311411730046 0.586407851809814 0.39834908106381 0.372414754467095
0.632421108867611 0.504823151125402 0.261167896812603 0.698315995851059 0.420980050929422 0.536490289072098
0.084264868886491 0.434083601286174 0.332621505953417 0.648112165764814 0.219450128482436 0.357582460723337
0.436530366541305 0.254019292604502 0.0451777231561929 0.586407851809814 0.43922249187054 0.331281268993686
0.388045018426088 0.762057877813505 0.729311266753165 0.537928287085493 0.664348154118808 0.62458965651421
0.384483537113727 0.540192926045016 0.212301736056019 0.762069215881706 0.383943157464577 0.457905580219539
0.24098018014843 0.591639871382637 0.729311266753165 0.375096326822705 0.449449482961243 0.487060432861938
0.436530366541305 0.42443729903537 0.201161614766783 0.276878336588371 0.46421392555806 0.35087145033597
0.996599260591482 0.45016077170418 0.151473062091352 0.586407851809814 0.513503431083361 0.49894021530112
0.477693450646586 0.588424437299035 0.473660167079613 0.537928287085493 0.465543656165556 0.51638275072453
0.419645600427018 0.546623794212219 0.416681108881079 0.478500208370274 0.373361575968726 0.458903540983861
0.574756541596515 0.591639871382637 0.151473062091352 0.879457573779522 0.41626757376362 0.518564464327417
0.152262547355424 0.0932475884244373 0.126153934197248 0.431951498630542 0.218823251985929 0.153885000582005
0.644833278105003 0.77491961414791 0.398804151407348 0.648112165764814 0.688328280588809 0.605542804210354
0.520007272502554 0.652733118971061 0.348387373858333 0.375096326822705 0.558306126338472 0.465487996688366
0.568794101845926 0.665594855305466 0.557806569629416 0.184834149993478 0.526132055162852 0.495461811094142
0.405348051228643 0.501607717041801 0.0845469524040323 0.762069215881706 0.384538376384896 0.415649636260074
0.574443230801044 0.816720257234727 0.580368112670072 0.879457573779522 0.814386106777018 0.725114889948949
0.230568397370851 0.29903536977492 0.134239363260451 0.537928287085493 0.274471667806801 0.268146708846109
0.195308357506359 0.47588424437299 0.651870961301186 0.431951498630542 0.357295874503917 0.42223252584545
0.388045018426088 0.498392282958199 0.435109676650442 0.586407851809814 0.45492618856533 0.469437935291486
0.587555113984672 0.90032154340836 0.729311266753165 0.698315995851059 0.948956831360198 0.705958599573336
0.849201805033812 0.601286173633441 0.090701213861132 0.431951498630542 0.576220641868586 0.481102435269256
0.268621668573135 0.369774919614148 0.170181396165586 0.813835943159381 0.369915383554124 0.339112929910101
0.696088010646013 0.710610932475884 0.514533088885132 0.586407851809814 0.572649201495448 0.638623993206828
0.655367783852765 0.630225080385852 0.201161614766783 0.648112165764814 0.554680753802558 0.554680753802412
0.520007272502554 0.697749196141479 0.535864850877831 0.235132365207418 0.625793994945084 0.482754391712226
0.42033900989286 0.646302250803859 0.261167896812603 0.537928287085493 0.42031553781732 0.465930866215107
0.53738914958334 0.35048231511254 0.111003242028016 0.375096326822705 0.54238203256085 0.32768726504636
0.38875605607787 0.803858520900322 0.627390341539696 0.879457573779522 0.686698698451642 0.690030730137464
0.436530366541305 0.565916398713826 0.274506164680522 0.698315995851059 0.427252367427227 0.490228700036579
0.128324996162024 0.42443729903537 0.381469226123769 0.698315995851059 0.0765147146188614 0.374389696014861
0.499815117673414 0.668810289389068 0.435109676650442 0.478500208370274 0.550086891651888 0.493824812099813
0.159830350036418 0.292604501607717 0.00368351386838143 0.431951498630542 0.174849813934362 0.217214179437477
0.595005036148038 0.559485530546624 0.332621505953417 0.431951498630542 0.399923456078465 0.490729260164236
0.398314772638361 0.662379421221865 0.381469226123769 0.537928287085493 0.44014353533286 0.486969838559014
0.195308357506359 0.414790996784566 0.651870961301186 0.375096326822705 0.357295874503917 0.378422516713181
0.661662063811353 0.681672025723473 0.381469226123769 0.276878336588371 0.529696658313087 0.529696658313222
0.510269166585699 0.501607717041801 0.170181396165586 0.813835943159381 0.507206372784924 0.460113015009814
0.260588528967486 0.29903536977492 0.398804151407348 0.330754098579341 0.346576482459438 0.314839984372136
0.770470460712514 0.790996784565916 0.473660167079613 0.879457573779522 0.742197349766486 0.728687951755572
0.578199312791976 0.556270096463023 0.398804151407348 0.276878336588371 0.436023626171347 0.47005368360273
0.255731117488761 0.414790996784566 0.103921070155539 0.537928287085493 0.337814049226906 0.328670471335724
0.429320233895678 0.385852090032154 0.201161614766783 0.813835943159381 0.334243585921134 0.400321799914107
0.336039990393786 0.47588424437299 0.0580059419752306 0.235132365207418 0.370217711115927 0.269196524170399
0.838144518631749 0.794212218649518 0.557806569629416 0.586407851809814 0.816577591096899 0.708189750961155
0.933642753789908 0.488745980707395 0.19043410482179 0.648112165764814 0.500868127307316 0.543119441212294
0.514171565137679 0.42443729903537 0.090701213861132 0.537928287085493 0.453163713068681 0.41236106705636
0.800747091354065 0.919614147909968 0.872315059239456 0.478500208370274 0.995677623968802 0.781675695688568
0.401132830165165 0.479099678456592 0.0845469524040323 0.586407851809814 0.36684574021004 0.391061615205813
0.481679511431888 0.289389067524116 0.0182670839374304 0.14628681327569 0.41805607451107 0.219096829725511
0.513196866427127 0.440514469453376 0.180110313162986 0.586407851809814 0.535070989339471 0.436351084550003
0.609814931863165 0.57556270096463 0.151473062091352 0.478500208370274 0.511748884360172 0.472878131687468
0.38875605607787 0.598070739549839 0.535864850877831 0.276878336588371 0.392055102143939 0.458522772922683
0.388045018426088 0.745980707395498 0.729311266753165 0.586407851809814 0.622544675555337 0.633116142411321
0.45962076036697 0.729903536977492 0.651870961301186 0.762069215881706 0.587611629806551 0.661948744000962
0.60273328459043 0.360128617363344 0.0312494270487436 0.586407851809814 0.357438034231601 0.430425059155984
0.499815117673414 0.540192926045016 0.493801456461118 0.330754098579341 0.531226918237214 0.46714307492164
0.477693450646586 0.463022508038585 0.274506164680522 0.932657205166915 0.394849038930028 0.464165449106788
0.344939311389505 0.54983922829582 0.416681108881079 0.537928287085493 0.441331033388062 0.47568617102517
0.468015725477365 0.720257234726688 0.784371301252558 0.478500208370274 0.646119239626103 0.625658602777799
0.468015725477365 0.527331189710611 0.223863410653071 0.478500208370274 0.492017707048757 0.428205012847115
0.53738914958334 0.530546623794212 0.332621505953417 0.698315995851059 0.50574267173399 0.505404546450843
0.813927915476257 0.697749196141479 0.416681108881079 0.235132365207418 0.656913569141913 0.556311580260851
0.826761025098937 0.733118971061093 0.45409947520914 0.537928287085493 0.713478548459286 0.644306866236327
0.436530366541305 0.591639871382637 0.332621505953417 0.586407851809814 0.43922249187054 0.505754047631541
0.264212953838001 0.218649517684887 0.248287429082999 0.762069215881706 0.207297167646059 0.285180169535136
0.0484904806678422 0.401929260450161 0.348387373858333 0.698315995851059 0.0787037961403902 0.339702727769952
0.520977826402094 0.479099678456592 0.364666797680412 0.762069215881706 0.501269816531701 0.497218827656569
0.695499217257465 0.62379421221865 0.0971564996669895 0.431951498630542 0.57873976377619 0.484107658871551
0.426908203711559 0.681672025723473 0.557806569629416 0.375096326822705 0.491053770268919 0.503227195353037
0.397256351877963 0.511254019292605 0.19043410482179 0.648112165764814 0.414183987556073 0.432966334181781
0.345677600588145 0.504823151125402 0.30259286301709 0.648112165764814 0.373229794548163 0.44200205294357
0.364338656321446 0.536977491961415 0.473660167079613 0.698315995851059 0.405059370030466 0.500330271225495
0.468350509903207 0.585209003215434 0.364666797680412 0.813835943159381 0.446605950999208 0.532775478661665
0.37229422454257 0.501607717041801 0.111003242028016 0.431951498630542 0.430937724619095 0.359902134612742
0.477693450646586 0.585209003215434 0.348387373858333 0.431951498630542 0.481407776974941 0.449685753593316
0.607970133804873 0.971061093247588 0.812961805376277 0.478500208370274 0.961269997111476 0.71531365530859
0.477693450646586 0.463022508038585 0.274506164680522 0.932657205166915 0.394849038930028 0.464165449106788
0.398314772638361 0.501607717041801 0.223863410653071 0.184834149993478 0.452705373871303 0.3275090213321
0.282107643013957 0.823151125401929 0.473660167079613 0.698315995851059 0.698992812307588 0.578016139276879
0.140202919534023 0.379421221864952 0.398804151407348 0.648112165764814 0.162490065733563 0.359367982445391
0.599645871301088 0.662379421221865 0.398804151407348 0.586407851809814 0.553351150521704 0.560613566527348
0.578199312791976 0.565916398713826 0.398804151407348 0.375096326822705 0.436023626171347 0.495052671360047
0.172361245254835 0.514469453376206 0.603559387552338 0.648112165764814 0.319723715806825 0.501706383054636
0.439608689959593 0.678456591639871 0.557806569629416 0.478500208370274 0.527425172208335 0.526275881287979
0.813927915476257 0.581993569131833 0.348387373858333 0.698315995851059 0.553177473834928 0.612259413955153
0.345677600588145 0.710610932475884 0.45409947520914 0.648112165764814 0.475338058663054 0.552713587237593
0.544418431505044 0.707395498392283 0.627390341539696 0.698315995851059 0.574261042347699 0.653756460252235
0.212305199965966 0.270096463022508 0.580368112670072 0.537928287085493 0.304312540573024 0.421875586224614
0.364338656321446 0.543408360128617 0.416681108881079 0.698315995851059 0.405059370030466 0.492469813999673
0.345677600588145 0.707395498392283 0.627390341539696 0.586407851809814 0.476022906537585 0.567666540781582
0.885635197394894 0.463022508038585 0.142676209888969 0.698315995851059 0.509720817174549 0.551899472898695
0.0948486067563032 0.257234726688103 0.30259286301709 0.330754098579341 0.325690789718966 0.253487571534115
0.153690054583361 0 0.142676209888969 0.431951498630542 0.219147025057688 0.139063485058659
0.106165947296782 0.418006430868167 0.223863410653071 0.698315995851059 0.141178378036546 0.335264024563409
0 0.0964630225080386 0 0.932657205166915 0 0.113839154451831
0.653265317384876 0.52411575562701 0.0534876149385717 0.0662914220486576 0.54238203256085 0.346914383839988
0.282107643013957 0.633440514469453 0.0627769593630711 0.330754098579341 0.393589441507891 0.287199549041504
0.550465577002394 0.385852090032154 0.151473062091352 0.537928287085493 0.391320439807539 0.430502237063084
0.447783903589461 0.562700964630225 0.473660167079613 0.813835943159381 0.431577256318047 0.538642274881294
0.599645871301088 0.742765273311897 0.45409947520914 0.586407851809814 0.709520366873475 0.577176734553823
0.249209029101021 0.469453376205788 0.30259286301709 0.478500208370274 0.432532739725609 0.3924732011881
0.181917342940274 0.466237942122186 0.274506164680522 0.431951498630542 0.382364839403857 0.352502720563661
0.264212953838001 0.196141479099678 0.0580059419752306 0.648112165764814 0.217850994165518 0.234738398447543
0.527755422491181 0.401929260450161 0.0678085723722795 0.586407851809814 0.517020887037485 0.41375664113672
0.599645871301088 0.823151125401929 0.651870961301186 0.648112165764814 0.864725318787521 0.652034758744174
0.147474527303945 0.0771704180064309 0.812961805376277 0.0662914220486576 0.219213922081727 0.16169194743156
0.626337600918792 0.971061093247588 0.651870961301186 0.762069215881706 0.931161005165935 0.726789105558464
0.0593642206487975 0.254019292604502 0.118411387620891 0.813835943159381 0.11171101370592 0.225281605506673
0.813927915476257 0.813504823151125 0.651870961301186 0.431951498630542 0.891000966981652 0.704365611809594
0.447444234015299 0.639871382636656 0.19043410482179 0.14628681327569 0.465779258149816 0.348524766537462
0.770470460712514 0.7491961414791 0.603559387552338 0.813835943159381 0.67769753109261 0.735410313888589
0.42033900989286 0.42443729903537 0.160638560180396 0.431951498630542 0.43626280365239 0.370788105648432
0.546330398341 0.440514469453376 0.416681108881079 0.375096326822705 0.54296655864756 0.429650923099267
0.0282835146738934 0.0771704180064309 0.0229210014580571 0.276878336588371 0.0944321508330788 0.0698892265594724
0.564702832505823 0.536977491961415 0.364666797680412 0.648112165764814 0.400989726721214 0.524348133022673
0.115075425900423 0.209003215434084 0.223863410653071 0.330754098579341 0.344552959315718 0.206079804508846
0.549512201234291 0.778135048231511 0.812961805376277 0.478500208370274 0.792222327992829 0.674594083206948
0.468015725477365 0.456591639871383 0.274506164680522 0.879457573779522 0.428411487478534 0.454173640393316
0.0530372459257098 0.337620578778135 0.261167896812603 0.813835943159381 0.0630059721695433 0.296819216360015
0.491598484645818 0.710610932475884 0.651870961301186 0.431951498630542 0.630139811711649 0.579588739707863
0.432758451244556 0.839228295819936 0.535864850877831 0.537928287085493 0.823370910254593 0.536428087266675
0.578199312791976 0.514469453376206 0.332621505953417 0.431951498630542 0.436023626171347 0.465621277590487
0.695499217257465 1 0.677011272611858 0.698315995851059 0.961310920537044 0.713649940460813
0.770470460712514 0.826366559485531 0.514533088885132 0.762069215881706 0.8383679684504 0.720797996859585
0.503416604885957 0.469453376205788 0.627390341539696 0.537928287085493 0.537431022912739 0.523236466934642
0.44438345610826 0.768488745980707 0.30259286301709 0.537928287085493 0.689335243634964 0.487251043800204
0.416868267314581 0.594855305466238 0.702821340058883 0.431951498630542 0.373776366478229 0.533826677081479
0.885635197394894 0.585209003215434 0.170181396165586 0.762069215881706 0.504076069208452 0.615629198344443
0.438583355507429 0.45016077170418 0.142676209888969 0.648112165764814 0.35489578570075 0.398947786373733
0.539309167001666 0.440514469453376 0.223863410653071 0.478500208370274 0.540806004707385 0.423559497114036
0.18416977086641 0.533762057877814 0.903098429048707 0.478500208370274 0.351923543645954 0.476857059986137
0.561233464503942 0.745980707395498 0.651870961301186 0.762069215881706 0.69004210313179 0.691060252204825
0.376251628190523 0.456591639871383 0.332621505953417 0.537928287085493 0.374496182606832 0.42105675289769
0.429320233895678 0.581993569131833 0.398804151407348 0.431951498630542 0.381943494410943 0.434774158429558
0.677758786546757 0.790996784565916 0.416681108881079 0.276878336588371 0.806493249978207 0.552567215715651
0.140202919534023 0.308681672025724 0.473660167079613 0.813835943159381 0.147103768390711 0.396332243238046
0.0438332073670296 0.212218649517685 0.473660167079613 0.648112165764814 0.112076339538353 0.346642180127418
0.376251628190523 0.57556270096463 0.493801456461118 0.478500208370274 0.385953844880811 0.472476243737747
0.544418431505044 0.594855305466238 0.30259286301709 0.762069215881706 0.423296391328021 0.536964794620859
0.665250046470026 0.691318327974277 0.381469226123769 0.813835943159381 0.557177688296712 0.631706047799599
0.479355609665668 0.434083601286174 0.223863410653071 0.762069215881706 0.468695779963947 0.437656641704171
0.264212953838001 0.282958199356913 0.288311411730046 0.330754098579341 0.251177881351502 0.285220107182034
0.0543177608934037 0.385852090032154 0.288311411730046 0.537928287085493 0.112902293549975 0.309676726564403
0.488299404306018 0.90032154340836 0.784371301252558 0.431951498630542 0.904630615180806 0.662228405470632
0.411644652928489 0.327974276527331 0.0534876149385717 0.276878336588371 0.420870079212448 0.267953712429281
0.553956721838596 0.52411575562701 0.580368112670072 0.698315995851059 0.506916297813635 0.571659554484416
0.53738914958334 0.62379421221865 0.514533088885132 0.762069215881706 0.500095463516942 0.59384453025633
0.725615608036492 0.771704180064309 0.45409947520914 0.478500208370274 0.73448886084398 0.624851289724229
0.549512201234291 0.778135048231511 0.812961805376277 0.478500208370274 0.792222327992829 0.674594083206948
0.0229516868613538 0.0996784565916399 0.0344140650881236 0.648112165764814 0.0871215375335111 0.10795772131504
0.403593427347215 0.42443729903537 0.30259286301709 0.762069215881706 0.31330215605791 0.418278053579411
0.118171447176562 0.369774919614148 0.332621505953417 0.330754098579341 0.12666241485817 0.291377134310403
0.148915802055797 0.427652733118971 0.651870961301186 0.276878336588371 0.18378656213392 0.356438800168325
0.838144518631749 0.536977491961415 0.103921070155539 0.431951498630542 0.577712029562796 0.44877411252887
0.147474527303945 0.0771704180064309 0.812961805376277 0.0662914220486576 0.219213922081727 0.16169194743156
0.0123008330917672 0.488745980707395 0.729311266753165 0.375096326822705 0.15323677247022 0.386003446444191
0.436530366541305 0.488745980707395 0.160638560180396 0.478500208370274 0.459675379077666 0.40660061036835
0.42033900989286 0.469453376205788 0.274506164680522 0.431951498630542 0.43626280365239 0.400326572548334
0.468350509903207 0.659163987138264 0.473660167079613 0.762069215881706 0.451151329305813 0.590726308213807
0.520007272502554 0.472668810289389 0.134239363260451 0.879457573779522 0.490644359566877 0.456695054283723
0.546330398341 0.456591639871383 0.651870961301186 0.586407851809814 0.518193074672314 0.556603352954856
0.280926001522639 0.67524115755627 0.398804151407348 0.375096326822705 0.474196528895607 0.388782190186158
0.578199312791976 0.565916398713826 0.398804151407348 0.375096326822705 0.436023626171347 0.495052671360047
0.701379871721917 0.334405144694534 0.00799604174068766 0.14628681327569 0.399923456078465 0.255713135090944
0.556491259906414 0.913183279742765 0.627390341539696 0.586407851809814 0.923451171953756 0.62407225251376
0.249209029101021 0.446945337620579 0.317359789168927 0.537928287085493 0.421139880267075 0.387386013356703
0.741242198253985 0.308681672025724 0.0108596881428074 0.431951498630542 0.48477326230319 0.343097529940638
0.624203833260222 0.639871382636656 0.435109676650442 0.586407851809814 0.523889760269675 0.579531017384562
0.260588528967486 0.106109324758842 0.142676209888969 0.276878336588371 0.346576482459438 0.207086920983185
0.195308357506359 0.418006430868167 0.651870961301186 0.431951498630542 0.357295874503917 0.396064677256485
0.520977826402094 0.620578778135048 0.627390341539696 0.478500208370274 0.539051917445769 0.572577130131937
0.428631528237526 0.585209003215434 0.180110313162986 0.431951498630542 0.440622893170207 0.39063279507979
0.468015725477365 0.463022508038585 0.19043410482179 0.375096326822705 0.496539776665864 0.390822385641005
0.229309177435793 0.501607717041801 0.651870961301186 0.537928287085493 0.410205745602621 0.475959763823152
0.574756541596515 0.704180064308682 0.332621505953417 0.276878336588371 0.622313029327095 0.475228122956883
0.560917722788347 0.344051446945338 0.398804151407348 0.698315995851059 0.50398194994053 0.494154867285864
0.561233464503942 0.620578778135048 1 0.932657205166915 0.480036242676384 0.800246476380053
0.665250046470026 0.591639871382637 0.142676209888969 0.932657205166915 0.463444268587845 0.562908585458587
0.568794101845926 0.691318327974277 0.535864850877831 0.330754098579341 0.573130034666897 0.522343137962924
0.403593427347215 0.389067524115756 0.288311411730046 0.813835943159381 0.308677668134435 0.404874355257987
0.503416604885957 0.536977491961415 0.493801456461118 0.184834149993478 0.553171351469797 0.439341262909353
0.513196866427127 0.607717041800643 0.398804151407348 0.762069215881706 0.517592529819099 0.557086626654857
0.479355609665668 0.440514469453376 0.201161614766783 0.762069215881706 0.468695779963947 0.434340146160863
0.427253047408286 0.604501607717042 0.317359789168927 0.478500208370274 0.420174397871422 0.444202821322168
0.512221568331649 0.659163987138264 0.381469226123769 0 0.491097121428811 0.39258856746717
0.499815117673414 0.559485530546624 0.514533088885132 0.276878336588371 0.531226918237214 0.466573415147768
0.45962076036697 0.443729903536978 0.30259286301709 0.813835943159381 0.448438829771541 0.448438829771567
0.513196866427127 0.485530546623794 0.30259286301709 0.537928287085493 0.544070901465405 0.466788122079706
0.510269166585699 0.736334405144695 0.651870961301186 0.537928287085493 0.687672375963808 0.60632418117108
0.95389389968847 0.427652733118971 0.0580059419752306 0.109460570166983 0.546344575370001 0.325116575647034
0.38875605607787 0.643086816720257 0.603559387552338 0.375096326822705 0.427602386976234 0.51746161506528
0.468350509903207 0.668810289389068 0.493801456461118 0.762069215881706 0.462958549196202 0.599855103555214
0.574443230801044 0.665594855305466 0.317359789168927 0.375096326822705 0.579225760503969 0.489076604823269
0.405348051228643 0.501607717041801 0.103921070155539 0.879457573779522 0.358694070011848 0.427427043582957
0.0189879329058006 0.192926045016077 0.201161614766783 0 0.144296694186435 0.120013404812546
0.838144518631749 0.536977491961415 0.103921070155539 0.431951498630542 0.577712029562796 0.44877411252887
0.447783903589461 0.610932475884244 0.535864850877831 0.762069215881706 0.436130619645302 0.573193595191201
0.450837206953341 0.672025723472669 0.557806569629416 0.648112165764814 0.453483956712009 0.591936061766237
0.943253172137071 0.643086816720257 0.30259286301709 0.586407851809814 0.515262326702213 0.583109418164011
0.544418431505044 0.553054662379421 0.180110313162986 0.537928287085493 0.466507594843508 0.470047426291189
0.925341055117795 0.871382636655949 0.651870961301186 0.586407851809814 0.918684494078676 0.773891714333481
0.426908203711559 0.546623794212219 0.729311266753165 0.431951498630542 0.457704319565959 0.511934664781959
0.436530366541305 0.598070739549839 0.473660167079613 0.431951498630542 0.46421392555806 0.466201954845805
0.527755422491181 0.553054662379421 0.261167896812603 0.879457573779522 0.47401413319209 0.510878203444036
0.587555113984672 0.186495176848875 0.0142652230366629 0.762069215881706 0.398529306842724 0.403876872857169
0.510269166585699 0.704180064308682 0.603559387552338 0.478500208370274 0.633098411219159 0.566530276388175
0.0624610948805229 0.170418006430868 0.0627769593630711 0.276878336588371 0.191311884737207 0.13439535496519
0.438583355507429 0.546623794212219 0.317359789168927 0.698315995851059 0.35029663647042 0.489022119715731
0.18416977086641 0.430868167202572 0.702821340058883 0.276878336588371 0.356521730117184 0.368691726276547
0.447783903589461 0.707395498392283 0.651870961301186 0.648112165764814 0.534638273041246 0.613577422358525
0.438583355507429 0.598070739549839 0.514533088885132 0.698315995851059 0.35029663647042 0.555986869111729
0.695499217257465 0.807073954983923 0.111003242028016 0.431951498630542 0.874579280285236 0.53257966046517
0.53738914958334 0.594855305466238 0.435109676650442 0.762069215881706 0.500095463516942 0.562367523774947
0.181917342940274 0.543408360128617 0.535864850877831 0.537928287085493 0.366312269821178 0.465900511753077
0.260588528967486 0.270096463022508 0.288311411730046 0.431951498630542 0.346576482459438 0.288715394465052
0.578199312791976 0.453376205787781 0.134239363260451 0.375096326822705 0.436023626171347 0.381698087786016
0.653265317384876 0.762057877813505 0.364666797680412 0.586407851809814 0.716875680300173 0.588951326205415
0.151308623178288 0.192926045016077 0.223863410653071 0.235132365207418 0.252112530620054 0.203819095616163
0.686351989395285 0.678456591639871 0.381469226123769 0.537928287085493 0.517427000863053 0.591097714550501
0.454221970283483 0.707395498392283 0.535864850877831 0.813835943159381 0.501676371334389 0.629353068125364
0.510269166585699 0.514469453376206 0.288311411730046 0.813835943159381 0.507206372784924 0.487952513515471
0.18416977086641 0.196141479099678 0.00148737797663842 0.537928287085493 0.340416103583224 0.177295624014749
0.412691072495776 0.662379421221865 0.651870961301186 0.478500208370274 0.448486775941402 0.569870290361922
0.499815117673414 0.559485530546624 0.514533088885132 0.375096326822705 0.531226918237214 0.486433246955452
0.384483537113727 0.479099678456592 0.201161614766783 0.375096326822705 0.426793680661606 0.351891292558179
0.148915802055797 0.382636655948553 0.332621505953417 0.698315995851059 0.145365467790682 0.34660762906515
0.24098018014843 0.372990353697749 0.235855628913216 0.698315995851059 0.412423767655536 0.340895288573111
0.0173598159901269 0.308681672025724 0.557806569629416 0.478500208370274 0.102604705247339 0.356928884024055
0.695499217257465 0.594855305466238 0.0731087476037438 0.431951498630542 0.57873976377619 0.463827697805377
0.398314772638361 0.559485530546624 0.261167896812603 0.698315995851059 0.415693902807704 0.476535732364073
0.696088010646013 0.726688102893891 0.45409947520914 0.537928287085493 0.614658214163614 0.617877735755928
0.388045018426088 0.57556270096463 0.274506164680522 0.431951498630542 0.479872737824159 0.401034418186562
0.838144518631749 0.633440514469453 0.348387373858333 0.762069215881706 0.535583839888963 0.658036734552304
0.386621688224214 0.694533762057878 0.223863410653071 0.813835943159381 0.448557388994625 0.546359520988654
0.696088010646013 0.720257234726688 0.317359789168927 0.537928287085493 0.601453659345407 0.589798167244949
0.467010908098507 0.401929260450161 0.090701213861132 0.698315995851059 0.356106073356145 0.393516365889055
0.539309167001666 0.469453376205788 0.332621505953417 0.648112165764814 0.513190266008012 0.490964462823276
0.599645871301088 0.665594855305466 0.398804151407348 0.431951498630542 0.582207394458706 0.530233741923676
0.428631528237526 0.591639871382637 0.180110313162986 0.375096326822705 0.440622893170207 0.378690246745537
0.0282835146738934 0.0932475884244373 0.0377853050533701 0.375096326822705 0.0944321508330788 0.0879972814567822
0.438583355507429 0.617363344051447 0.514533088885132 0.648112165764814 0.361524340521593 0.56290370111348
1 0.47588424437299 0.0845469524040323 0.431951498630542 0.523245623273911 0.423145947409339
0.568794101845926 0.868167202572347 0.580368112670072 0.431951498630542 1 0.567335490669093
0.589420457960256 0.752411575562701 0.348387373858333 0.537928287085493 0.709757243834102 0.54139682378551
0.479355609665668 0.607717041800643 0.473660167079613 0.698315995851059 0.474362779676601 0.561250564139427
0.557124309240246 0.598070739549839 0.493801456461118 0.431951498630542 0.462321868409757 0.522012649280214
0.609814931863165 0.691318327974277 0.729311266753165 0.648112165764814 0.56376540801089 0.668823703096411
0.989261611266378 0.553054662379421 0.30259286301709 0.586407851809814 0.509984631174037 0.549387063467641
0.503416604885957 0.469453376205788 0.627390341539696 0.537928287085493 0.537431022912739 0.523236466934642
0.468350509903207 0.54983922829582 0.317359789168927 0.762069215881706 0.451151329305813 0.500900229217078
0.260588528967486 0.29903536977492 0.398804151407348 0.330754098579341 0.346576482459438 0.314839984372136
0.373014750548881 0.405144694533762 0.0344140650881236 0.109460570166983 0.375564159929875 0.25449497074811
0.409898717987981 0.594855305466238 0.288311411730046 0.698315995851059 0.398584684008125 0.50316234376232
0.0173598159901269 0.360128617363344 0.0451777231561929 0.813835943159381 0.101325476872947 0.258812648186875
0.148915802055797 0.408360128617363 0.416681108881079 0.698315995851059 0.145365467790682 0.379747628333999
0.481679511431888 0.617363344051447 0.348387373858333 0.648112165764814 0.386994929777179 0.538158209302241
0.527755422491181 0.430868167202572 0.090701213861132 0.648112165764814 0.509671346194779 0.428249377365243
0.539309167001666 0.614147909967846 0.473660167079613 0.762069215881706 0.503031061984772 0.580821127438094
0.106695946706262 0.372990353697749 0.729311266753165 0.330754098579341 0.37671321092182 0.334636990409501
0.996599260591482 0.45016077170418 0.151473062091352 0.586407851809814 0.513503431083361 0.49894021530112
0.253291525457569 0.829581993569132 0.493801456461118 0.478500208370274 0.794960997313225 0.464621796876927
0.510269166585699 0.498392282958199 0.702821340058883 0.648112165764814 0.521870524709015 0.594197410480825
0.468015725477365 0.488745980707395 0.332621505953417 0.235132365207418 0.496539776665864 0.395495130860508
0.401484640116385 0.704180064308682 0.651870961301186 0.648112165764814 0.499105691838751 0.604000343933774
0.18416977086641 0.482315112540193 0.677011272611858 0.478500208370274 0.351923543645954 0.434310191373052
0.497518889439109 0.617363344051447 0.317359789168927 0.698315995851059 0.427549275397581 0.538383368379832
0.156060362292449 0.0836012861736334 0.160638560180396 0.0662914220486576 0.337314875714205 0.123862598699295
