0.653265317384876 0.607717041800643 0.0627769593630711 0.14628681327569 0.54238203256085 0.513786445462605
0.733442489338549 0.614147909967846 0.364666797680412 0.586407851809814 0.446769085289259 0.628358921305304
0.624203833260222 0.852090032154341 0.627390341539696 0.698315995851059 0.906030433861906 0.705636610550634
0.960524609688224 0.372990353697749 0.0377853050533701 0.14628681327569 0.54238203256085 0.53058266511929
0.587555113984672 0.881028938906752 0.651870961301186 0.698315995851059 0.948956831360198 0.700061108090767
0.447783903589461 0.684887459807074 0.651870961301186 0.537928287085493 0.504360359271172 0.559988517346559
0.282107643013957 0.823151125401929 0.535864850877831 0.698315995851059 0.698992812307588 0.490922957266863
0.678946159117823 0.977491961414791 0.677011272611858 0.648112165764814 0.959470548634581 0.783762499783046
0.568794101845926 0.495176848874598 0.212301736056019 0.330754098579341 0.461440391953408 0.480036114692908
0.0920974377335113 0.369774919614148 0.514533088885132 0 0.345151165628032 0.227648483818532
0.45962076036697 0.726688102893891 0.627390341539696 0.813835943159381 0.576511917064749 0.577039313587615
0.264212953838001 0.282958199356913 0.288311411730046 0.330754098579341 0.251177881351502 0.27460503064879
0.838144518631749 0.536977491961415 0.103921070155539 0.431951498630542 0.577712029562796 0.579736202164289
0.0943002179325689 0.418006430868167 0.872315059239456 0.14628681327569 0.37671321092182 0.275192783219914
0.53738914958334 0.37620578778135 0.142676209888969 0.276878336588371 0.54238203256085 0.405670320330137
0.0319617938015645 0.170418006430868 0.288311411730046 0.109460570166983 0.297714090063855 0.101135363866655
0.0920974377335113 0.495176848874598 0.651870961301186 0.330754098579341 0.345151165628032 0.276527754904367
0.380195749497416 0.42443729903537 0.160638560180396 0.478500208370274 0.425197123396491 0.358058260273359
0.574756541596515 0.852090032154341 0.514533088885132 0.537928287085493 0.906279170348755 0.662280217603954
0.447783903589461 0.707395498392283 0.651870961301186 0.648112165764814 0.534638273041246 0.567551191991965
0.624203833260222 0.790996784565916 0.702821340058883 0.648112165764814 0.787626392518638 0.695782319727026
0.37229422454257 0.514469453376206 0.118411387620891 0.478500208370274 0.426381567824689 0.374086845291819
0.497518889439109 0.697749196141479 0.364666797680412 0.762069215881706 0.545827622174543 0.546387825930115
0.331936012998115 0.591639871382637 0.435109676650442 0.813835943159381 0.373402878468002 0.435997502472909
0.95389389968847 0.614147909967846 0.317359789168927 0.478500208370274 0.541846771121584 0.713638637232565
0.112997765091634 0.289389067524116 0.364666797680412 0.375096326822705 0.340364209656664 0.202732256903555
0.477693450646586 0.520900321543408 0.30259286301709 0.586407851809814 0.456465584558899 0.465322636888999
0.248390015295632 0.508038585209003 0.348387373858333 0.698315995851059 0.196417131978639 0.350141834100243
0.137262567188558 0.466237942122186 0.84227296084362 0.648112165764814 0.13374705164952 0.320738425123954
0.520007272502554 0.482315112540193 0.151473062091352 0.879457573779522 0.490644359566877 0.439721860267459
0.487969100610572 0.495176848874598 0.30259286301709 0.586407851809814 0.472547172297344 0.461001382429618
0.996599260591482 0.260450160771704 0.0344140650881236 0.537928287085493 0.522524124327678 0.487808246499718
0.800747091354065 0.681672025723473 0.248287429082999 0.375096326822705 0.62400673902109 0.658672276480834
0.578199312791976 0.302250803858521 0.0124913481881143 0.478500208370274 0.431470205460584 0.345558115037322
0.436530366541305 0.530546623794212 0.235855628913216 0.762069215881706 0.421554293789165 0.436428819313226
0.193539590305605 0.627009646302251 0.729311266753165 0.478500208370274 0.4060769942587 0.398503704304313
0.599645871301088 0.839228295819936 0.677011272611858 0.648112165764814 0.896945497904282 0.696049638997224
0.624203833260222 0.70096463022508 0.45409947520914 0.648112165764814 0.604293623101357 0.625448389883763
0.229309177435793 0.398713826366559 0.514533088885132 0.879457573779522 0.357470147594291 0.325301902987534
0.436530366541305 0.340836012861736 0.103921070155539 0.586407851809814 0.43922249187054 0.33989829322413
0.0599869667484552 0.115755627009646 0.19043410482179 0.330754098579341 0.11524471378286 0.0950045354128473
0.644531471726606 0.919614147909968 0.580368112670072 0.431951498630542 0.978008191179652 0.731340875712871
0.123786496643052 0.356913183279743 0.651870961301186 0.586407851809814 0.321589642533872 0.259575110744136
0.373014750548881 0.67524115755627 0.677011272611858 0.431951498630542 0.492273466820332 0.518723448632278
0.352666511771161 0.559485530546624 0.45409947520914 0.648112165764814 0.370060206106487 0.439552904520462
0.527755422491181 0.614147909967846 0.348387373858333 0.762069215881706 0.49950823011503 0.530133649032791
0.358882450620784 0.646302250803859 0.288311411730046 0.537928287085493 0.400230285072868 0.444301774914027
0.574756541596515 0.553054662379421 0.0627769593630711 0.14628681327569 0.484490739390077 0.461366658767029
0.468350509903207 0.244372990353698 0.0142652230366629 0.813835943159381 0.446605950999208 0.282619976080738
0.838144518631749 0.688102893890675 0.201161614766783 0.537928287085493 0.609690387195748 0.665503514552145
0.419645600427018 0.546623794212219 0.416681108881079 0.478500208370274 0.373361575968726 0.464640705284922
0.53738914958334 0.495176848874598 0.288311411730046 0.648112165764814 0.5102579264357 0.481222922431964
0.44438345610826 0.514469453376206 0.0229210014580571 0.478500208370274 0.430080452015314 0.37323496427041
0.454221970283483 0.742765273311897 0.398804151407348 0.932657205166915 0.536009547976478 0.544583655717264
0.759624535804641 0.263665594855305 0.0451777231561929 0.932657205166915 0.441575697347599 0.412746454551535
0.624203833260222 0.627009646302251 0.381469226123769 1 0.44066527512852 0.586390068098478
0.212305199965966 0.446945337620579 0.603559387552338 0.648112165764814 0.287497191085724 0.341186378998649
0.479355609665668 0.559485530546624 0.30259286301709 0.648112165764814 0.478893769297346 0.479592811839844
0.626337600918792 0.813504823151125 0.603559387552338 0.478500208370274 0.858234508001551 0.689861673952914
0.838144518631749 0.778135048231511 0.514533088885132 0.586407851809814 0.784143281526494 0.764474265074633
0.429320233895678 0.520900321543408 0.348387373858333 0.235132365207418 0.381943494410943 0.449768871271248
0.204514989037123 0.440514469453376 0.288311411730046 0.586407851809814 0.39834908106381 0.295344647257909
0.632421108867611 0.504823151125402 0.261167896812603 0.698315995851059 0.420980050929422 0.521949639498071
0.084264868886491 0.434083601286174 0.332621505953417 0.648112165764814 0.219450128482436 0.220304396783704
0.436530366541305 0.254019292604502 0.0451777231561929 0.586407851809814 0.43922249187054 0.288702507552633
0.388045018426088 0.762057877813505 0.729311266753165 0.537928287085493 0.664348154118808 0.562106693503317
0.384483537113727 0.540192926045016 0.212301736056019 0.762069215881706 0.383943157464577 0.40947730551022
0.24098018014843 0.591639871382637 0.729311266753165 0.375096326822705 0.449449482961243 0.41908795300257
0.436530366541305 0.42443729903537 0.201161614766783 0.276878336588371 0.46421392555806 0.392552211477006
0.996599260591482 0.45016077170418 0.151473062091352 0.586407851809814 0.513503431083361 0.620761848903452
0.477693450646586 0.588424437299035 0.473660167079613 0.537928287085493 0.465543656165556 0.51707751466487
0.419645600427018 0.546623794212219 0.416681108881079 0.478500208370274 0.373361575968726 0.464640705284922
0.574756541596515 0.591639871382637 0.151473062091352 0.879457573779522 0.41626757376362 0.502448866116924
0.152262547355424 0.0932475884244373 0.126153934197248 0.431951498630542 0.218823251985929 0.124933858184919
0.644833278105003 0.77491961414791 0.398804151407348 0.648112165764814 0.688328280588809 0.651306600780565
0.520007272502554 0.652733118971061 0.348387373858333 0.375096326822705 0.558306126338472 0.539600424618696
0.568794101845926 0.665594855305466 0.557806569629416 0.184834149993478 0.526132055162852 0.602399596562156
0.405348051228643 0.501607717041801 0.0845469524040323 0.762069215881706 0.384538376384896 0.376147543105362
0.574443230801044 0.816720257234727 0.580368112670072 0.879457573779522 0.814386106777018 0.66084256696996
0.230568397370851 0.29903536977492 0.134239363260451 0.537928287085493 0.274471667806801 0.238720188678926
0.195308357506359 0.47588424437299 0.651870961301186 0.431951498630542 0.357295874503917 0.345048358883323
0.388045018426088 0.498392282958199 0.435109676650442 0.586407851809814 0.45492618856533 0.434607955448967
0.587555113984672 0.90032154340836 0.729311266753165 0.698315995851059 0.948956831360198 0.717852444583292
0.849201805033812 0.601286173633441 0.090701213861132 0.431951498630542 0.576220641868586 0.603968636395659
0.268621668573135 0.369774919614148 0.170181396165586 0.813835943159381 0.369915383554124 0.287836046166454
0.696088010646013 0.710610932475884 0.514533088885132 0.586407851809814 0.572649201495448 0.67340034316009
0.655367783852765 0.630225080385852 0.201161614766783 0.648112165764814 0.554680753802558 0.564629717632554
0.520007272502554 0.697749196141479 0.535864850877831 0.235132365207418 0.625793994945084 0.585733255106474
0.42033900989286 0.646302250803859 0.261167896812603 0.537928287085493 0.42031553781732 0.471349820892212
0.53738914958334 0.35048231511254 0.111003242028016 0.375096326822705 0.54238203256085 0.387511106619086
0.38875605607787 0.803858520900322 0.627390341539696 0.879457573779522 0.686698698451642 0.562300650631573
0.436530366541305 0.565916398713826 0.274506164680522 0.698315995851059 0.427252367427227 0.455745698562309
0.128324996162024 0.42443729903537 0.381469226123769 0.698315995851059 0.0765147146188614 0.255304366591429
0.499815117673414 0.668810289389068 0.435109676650442 0.478500208370274 0.550086891651888 0.549822944225986
0.159830350036418 0.292604501607717 0.00368351386838143 0.431951498630542 0.174849813934362 0.162720245787678
0.595005036148038 0.559485530546624 0.332621505953417 0.431951498630542 0.399923456078465 0.539426182788647
0.398314772638361 0.662379421221865 0.381469226123769 0.537928287085493 0.44014353533286 0.486363584715342
0.195308357506359 0.414790996784566 0.651870961301186 0.375096326822705 0.357295874503917 0.325251313888189
0.661662063811353 0.681672025723473 0.381469226123769 0.276878336588371 0.529696658313087 0.623523324429744
0.510269166585699 0.501607717041801 0.170181396165586 0.813835943159381 0.507206372784924 0.446705183459322
0.260588528967486 0.29903536977492 0.398804151407348 0.330754098579341 0.346576482459438 0.293307875297637
0.770470460712514 0.790996784565916 0.473660167079613 0.879457573779522 0.742197349766486 0.730440825548498
0.578199312791976 0.556270096463023 0.398804151407348 0.276878336588371 0.436023626171347 0.542133485017076
0.255731117488761 0.414790996784566 0.103921070155539 0.537928287085493 0.337814049226906 0.281754690431581
0.429320233895678 0.385852090032154 0.201161614766783 0.813835943159381 0.334243585921134 0.375254379149567
0.336039990393786 0.47588424437299 0.0580059419752306 0.235132365207418 0.370217711115927 0.326903337698982
0.838144518631749 0.794212218649518 0.557806569629416 0.586407851809814 0.816577591096899 0.777935283888246
0.933642753789908 0.488745980707395 0.19043410482179 0.648112165764814 0.500868127307316 0.623769588717722
0.514171565137679 0.42443729903537 0.090701213861132 0.537928287085493 0.453163713068681 0.399878796301973
0.800747091354065 0.919614147909968 0.872315059239456 0.478500208370274 0.995677623968802 0.854609026810868
0.401132830165165 0.479099678456592 0.0845469524040323 0.586407851809814 0.36684574021004 0.366882979806052
0.481679511431888 0.289389067524116 0.0182670839374304 0.14628681327569 0.41805607451107 0.307843967591673
0.513196866427127 0.440514469453376 0.180110313162986 0.586407851809814 0.535070989339471 0.428289416320609
0.609814931863165 0.57556270096463 0.151473062091352 0.478500208370274 0.511748884360172 0.512489711594259
0.38875605607787 0.598070739549839 0.535864850877831 0.276878336588371 0.392055102143939 0.483251500694267
0.388045018426088 0.745980707395498 0.729311266753165 0.586407851809814 0.622544675555337 0.556935919437527
0.45962076036697 0.729903536977492 0.651870961301186 0.762069215881706 0.587611629806551 0.581483262442156
0.60273328459043 0.360128617363344 0.0312494270487436 0.586407851809814 0.357438034231601 0.389051521180591
0.499815117673414 0.540192926045016 0.493801456461118 0.330754098579341 0.531226918237214 0.513821093869021
0.477693450646586 0.463022508038585 0.274506164680522 0.932657205166915 0.394849038930028 0.439500395789719
0.344939311389505 0.54983922829582 0.416681108881079 0.537928287085493 0.441331033388062 0.426815657547152
0.468015725477365 0.720257234726688 0.784371301252558 0.478500208370274 0.646119239626103 0.600217740484874
0.468015725477365 0.527331189710611 0.223863410653071 0.478500208370274 0.492017707048757 0.447925737969678
0.53738914958334 0.530546623794212 0.332621505953417 0.698315995851059 0.50574267173399 0.502233585392502
0.813927915476257 0.697749196141479 0.416681108881079 0.235132365207418 0.656913569141913 0.705685940727894
0.826761025098937 0.733118971061093 0.45409947520914 0.537928287085493 0.713478548459286 0.731671533667462
0.436530366541305 0.591639871382637 0.332621505953417 0.586407851809814 0.43922249187054 0.474785451302704
0.264212953838001 0.218649517684887 0.248287429082999 0.762069215881706 0.207297167646059 0.244439903717107
0.0484904806678422 0.401929260450161 0.348387373858333 0.698315995851059 0.0787037961403902 0.183414056547862
0.520977826402094 0.479099678456592 0.364666797680412 0.762069215881706 0.501269816531701 0.481160704997266
0.695499217257465 0.62379421221865 0.0971564996669895 0.431951498630542 0.57873976377619 0.550355204606905
0.426908203711559 0.681672025723473 0.557806569629416 0.375096326822705 0.491053770268919 0.534695868281365
0.397256351877963 0.511254019292605 0.19043410482179 0.648112165764814 0.414183987556073 0.401760532015932
0.345677600588145 0.504823151125402 0.30259286301709 0.648112165764814 0.373229794548163 0.394663556668827
0.364338656321446 0.536977491961415 0.473660167079613 0.698315995851059 0.405059370030466 0.441014047047749
0.468350509903207 0.585209003215434 0.364666797680412 0.813835943159381 0.446605950999208 0.49394325282057
0.37229422454257 0.501607717041801 0.111003242028016 0.431951498630542 0.430937724619095 0.36805337591746
0.477693450646586 0.585209003215434 0.348387373858333 0.431951498630542 0.481407776974941 0.495770794402079
0.607970133804873 0.971061093247588 0.812961805376277 0.478500208370274 0.961269997111476 0.764184830296445
0.477693450646586 0.463022508038585 0.274506164680522 0.932657205166915 0.394849038930028 0.439500395789719
0.398314772638361 0.501607717041801 0.223863410653071 0.184834149993478 0.452705373871303 0.40582173841081
0.282107643013957 0.823151125401929 0.473660167079613 0.698315995851059 0.698992812307588 0.482076611874852
0.140202919534023 0.379421221864952 0.398804151407348 0.648112165764814 0.162490065733563 0.251840618224017
0.599645871301088 0.662379421221865 0.398804151407348 0.586407851809814 0.553351150521704 0.590485593968103
0.578199312791976 0.565916398713826 0.398804151407348 0.375096326822705 0.436023626171347 0.545679436080399
0.172361245254835 0.514469453376206 0.603559387552338 0.648112165764814 0.319723715806825 0.336783253327211
0.439608689959593 0.678456591639871 0.557806569629416 0.478500208370274 0.527425172208335 0.540445453423851
0.813927915476257 0.581993569131833 0.348387373858333 0.698315995851059 0.553177473834928 0.648037117972663
0.345677600588145 0.710610932475884 0.45409947520914 0.648112165764814 0.475338058663054 0.483864019244883
0.544418431505044 0.707395498392283 0.627390341539696 0.698315995851059 0.574261042347699 0.615028853365514
0.212305199965966 0.270096463022508 0.580368112670072 0.537928287085493 0.304312540573024 0.277057019941225
0.364338656321446 0.543408360128617 0.416681108881079 0.698315995851059 0.405059370030466 0.434988556216237
0.345677600588145 0.707395498392283 0.627390341539696 0.586407851809814 0.476022906537585 0.506952986515363
0.885635197394894 0.463022508038585 0.142676209888969 0.698315995851059 0.509720817174549 0.58095978861597
0.0948486067563032 0.257234726688103 0.30259286301709 0.330754098579341 0.325690789718966 0.174227688999882
0.153690054583361 0 0.142676209888969 0.431951498630542 0.219147025057688 0.0593377138397246
0.106165947296782 0.418006430868167 0.223863410653071 0.698315995851059 0.141178378036546 0.217992828519842
0 0.0964630225080386 0 0.932657205166915 0 0.0134464786134038
0.653265317384876 0.52411575562701 0.0534876149385717 0.0662914220486576 0.54238203256085 0.4805782244774
0.282107643013957 0.633440514469453 0.0627769593630711 0.330754098579341 0.393589441507891 0.347343745241564
0.550465577002394 0.385852090032154 0.151473062091352 0.537928287085493 0.391320439807539 0.417022072068335
0.447783903589461 0.562700964630225 0.473660167079613 0.813835943159381 0.431577256318047 0.493023688442721
0.599645871301088 0.742765273311897 0.45409947520914 0.586407851809814 0.709520366873475 0.62801553376257
0.249209029101021 0.469453376205788 0.30259286301709 0.478500208370274 0.432532739725609 0.331780072723438
0.181917342940274 0.466237942122186 0.274506164680522 0.431951498630542 0.382364839403857 0.287631984831922
0.264212953838001 0.196141479099678 0.0580059419752306 0.648112165764814 0.217850994165518 0.200617864848636
0.527755422491181 0.401929260450161 0.0678085723722795 0.586407851809814 0.517020887037485 0.38994306252066
0.599645871301088 0.823151125401929 0.651870961301186 0.648112165764814 0.864725318787521 0.686861346553605
0.147474527303945 0.0771704180064309 0.812961805376277 0.0662914220486576 0.219213922081727 0.175820564508074
0.626337600918792 0.971061093247588 0.651870961301186 0.762069215881706 0.931161005165935 0.75023657617544
0.0593642206487975 0.254019292604502 0.118411387620891 0.813835943159381 0.11171101370592 0.126308555031537
0.813927915476257 0.813504823151125 0.651870961301186 0.431951498630542 0.891000966981652 0.789195279500086
0.447444234015299 0.639871382636656 0.19043410482179 0.14628681327569 0.465779258149816 0.468071481227805
0.770470460712514 0.7491961414791 0.603559387552338 0.813835943159381 0.67769753109261 0.737198612629947
0.42033900989286 0.42443729903537 0.160638560180396 0.431951498630542 0.43626280365239 0.376592692946114
0.546330398341 0.440514469453376 0.416681108881079 0.375096326822705 0.54296655864756 0.48639814493543
0.0282835146738934 0.0771704180064309 0.0229210014580571 0.276878336588371 0.0944321508330788 0.0427142441568934
0.564702832505823 0.536977491961415 0.364666797680412 0.648112165764814 0.400989726721214 0.522907131947004
0.115075425900423 0.209003215434084 0.223863410653071 0.330754098579341 0.344552959315718 0.162128085111373
0.549512201234291 0.778135048231511 0.812961805376277 0.478500208370274 0.792222327992829 0.667632625338796
0.468015725477365 0.456591639871383 0.274506164680522 0.879457573779522 0.428411487478534 0.432683808986528
0.0530372459257098 0.337620578778135 0.261167896812603 0.813835943159381 0.0630059721695433 0.161526710996201
0.491598484645818 0.710610932475884 0.651870961301186 0.431951498630542 0.630139811711649 0.592098990048631
0.432758451244556 0.839228295819936 0.535864850877831 0.537928287085493 0.823370910254593 0.585231747878633
0.578199312791976 0.514469453376206 0.332621505953417 0.431951498630542 0.436023626171347 0.515092321879208
0.695499217257465 1 0.677011272611858 0.698315995851059 0.961310920537044 0.799844290847283
0.770470460712514 0.826366559485531 0.514533088885132 0.762069215881706 0.8383679684504 0.750322601166292
0.503416604885957 0.469453376205788 0.627390341539696 0.537928287085493 0.537431022912739 0.507486311972165
0.44438345610826 0.768488745980707 0.30259286301709 0.537928287085493 0.689335243634964 0.530213506253325
0.416868267314581 0.594855305466238 0.702821340058883 0.431951498630542 0.373776366478229 0.519051883732052
0.885635197394894 0.585209003215434 0.170181396165586 0.762069215881706 0.504076069208452 0.638093040642633
0.438583355507429 0.45016077170418 0.142676209888969 0.648112165764814 0.35489578570075 0.389751685391457
0.539309167001666 0.440514469453376 0.223863410653071 0.478500208370274 0.540806004707385 0.449127067065746
0.18416977086641 0.533762057877814 0.903098429048707 0.478500208370274 0.351923543645954 0.380879840045964
0.561233464503942 0.745980707395498 0.651870961301186 0.762069215881706 0.69004210313179 0.640565044671168
0.376251628190523 0.456591639871383 0.332621505953417 0.537928287085493 0.374496182606832 0.398607706907507
0.429320233895678 0.581993569131833 0.398804151407348 0.431951498630542 0.381943494410943 0.478845932372808
0.677758786546757 0.790996784565916 0.416681108881079 0.276878336588371 0.806493249978207 0.676029368482796
0.140202919534023 0.308681672025724 0.473660167079613 0.813835943159381 0.147103768390711 0.237662460453006
0.0438332073670296 0.212218649517685 0.473660167079613 0.648112165764814 0.112076339538353 0.138776196453906
0.376251628190523 0.57556270096463 0.493801456461118 0.478500208370274 0.385953844880811 0.463163797089692
0.544418431505044 0.594855305466238 0.30259286301709 0.762069215881706 0.423296391328021 0.522929957826465
0.665250046470026 0.691318327974277 0.381469226123769 0.813835943159381 0.557177688296712 0.628642207680492
0.479355609665668 0.434083601286174 0.223863410653071 0.762069215881706 0.468695779963947 0.420041122692775
0.264212953838001 0.282958199356913 0.288311411730046 0.330754098579341 0.251177881351502 0.27460503064879
0.0543177608934037 0.385852090032154 0.288311411730046 0.537928287085493 0.112902293549975 0.1780537874412
0.488299404306018 0.90032154340836 0.784371301252558 0.431951498630542 0.904630615180806 0.671096902462045
0.411644652928489 0.327974276527331 0.0534876149385717 0.276878336588371 0.420870079212448 0.309646015006287
0.553956721838596 0.52411575562701 0.580368112670072 0.698315995851059 0.506916297813635 0.546466269767495
0.53738914958334 0.62379421221865 0.514533088885132 0.762069215881706 0.500095463516942 0.565459110368626
0.725615608036492 0.771704180064309 0.45409947520914 0.478500208370274 0.73448886084398 0.698909908496182
0.549512201234291 0.778135048231511 0.812961805376277 0.478500208370274 0.792222327992829 0.667632625338796
0.0229516868613538 0.0996784565916399 0.0344140650881236 0.648112165764814 0.0871215375335111 0.0474088411526017
0.403593427347215 0.42443729903537 0.30259286301709 0.762069215881706 0.31330215605791 0.39564207474009
0.118171447176562 0.369774919614148 0.332621505953417 0.330754098579341 0.12666241485817 0.226749858842956
0.148915802055797 0.427652733118971 0.651870961301186 0.276878336588371 0.18378656213392 0.299213571003468
0.838144518631749 0.536977491961415 0.103921070155539 0.431951498630542 0.577712029562796 0.579736202164289
0.147474527303945 0.0771704180064309 0.812961805376277 0.0662914220486576 0.219213922081727 0.175820564508074
0.0123008330917672 0.488745980707395 0.729311266753165 0.375096326822705 0.15323677247022 0.191938455205195
0.436530366541305 0.488745980707395 0.160638560180396 0.478500208370274 0.459675379077666 0.406290107325434
0.42033900989286 0.469453376205788 0.274506164680522 0.431951498630542 0.43626280365239 0.414831840252609
0.468350509903207 0.659163987138264 0.473660167079613 0.762069215881706 0.451151329305813 0.536607264992161
0.520007272502554 0.472668810289389 0.134239363260451 0.879457573779522 0.490644359566877 0.431920765304483
0.546330398341 0.456591639871383 0.651870961301186 0.586407851809814 0.518193074672314 0.526121292717473
0.280926001522639 0.67524115755627 0.398804151407348 0.375096326822705 0.474196528895607 0.427230868252566
0.578199312791976 0.565916398713826 0.398804151407348 0.375096326822705 0.436023626171347 0.545679436080399
0.701379871721917 0.334405144694534 0.00799604174068766 0.14628681327569 0.399923456078465 0.399923456078814
0.556491259906414 0.913183279742765 0.627390341539696 0.586407851809814 0.923451171953756 0.690431057394455
0.249209029101021 0.446945337620579 0.317359789168927 0.537928287085493 0.421139880267075 0.326859229673041
0.741242198253985 0.308681672025724 0.0108596881428074 0.431951498630542 0.48477326230319 0.406247266520358
0.624203833260222 0.639871382636656 0.435109676650442 0.586407851809814 0.523889760269675 0.6004058625764
0.260588528967486 0.106109324758842 0.142676209888969 0.276878336588371 0.346576482459438 0.178324937292158
0.195308357506359 0.418006430868167 0.651870961301186 0.431951498630542 0.357295874503917 0.326313188276831
0.520977826402094 0.620578778135048 0.627390341539696 0.478500208370274 0.539051917445769 0.572443146251206
0.428631528237526 0.585209003215434 0.180110313162986 0.431951498630542 0.440622893170207 0.438947235348164
0.468015725477365 0.463022508038585 0.19043410482179 0.375096326822705 0.496539776665864 0.418455872541914
0.229309177435793 0.501607717041801 0.651870961301186 0.537928287085493 0.410205745602621 0.374629860494283
0.574756541596515 0.704180064308682 0.332621505953417 0.276878336588371 0.622313029327095 0.580819247194754
0.560917722788347 0.344051446945338 0.398804151407348 0.698315995851059 0.50398194994053 0.450661446909179
0.561233464503942 0.620578778135048 1 0.932657205166915 0.480036242676384 0.639826641457965
0.665250046470026 0.591639871382637 0.142676209888969 0.932657205166915 0.463444268587845 0.54005269599812
0.568794101845926 0.691318327974277 0.535864850877831 0.330754098579341 0.573130034666897 0.608128643107188
0.403593427347215 0.389067524115756 0.288311411730046 0.813835943159381 0.308677668134435 0.380372249678043
0.503416604885957 0.536977491961415 0.493801456461118 0.184834149993478 0.553171351469797 0.514405053370192
0.513196866427127 0.607717041800643 0.398804151407348 0.762069215881706 0.517592529819099 0.529517905767737
0.479355609665668 0.440514469453376 0.201161614766783 0.762069215881706 0.468695779963947 0.417774505050271
0.427253047408286 0.604501607717042 0.317359789168927 0.478500208370274 0.420174397871422 0.471710865107914
0.512221568331649 0.659163987138264 0.381469226123769 0 0.491097121428811 0.543776224286498
0.499815117673414 0.559485530546624 0.514533088885132 0.276878336588371 0.531226918237214 0.52386357361279
0.45962076036697 0.443729903536978 0.30259286301709 0.813835943159381 0.448438829771541 0.429057726993438
0.513196866427127 0.485530546623794 0.30259286301709 0.537928287085493 0.544070901465405 0.469212019310064
0.510269166585699 0.736334405144695 0.651870961301186 0.537928287085493 0.687672375963808 0.610713149598177
0.95389389968847 0.427652733118971 0.0580059419752306 0.109460570166983 0.546344575370001 0.561963872819729
0.38875605607787 0.643086816720257 0.603559387552338 0.375096326822705 0.427602386976234 0.507411093022686
0.468350509903207 0.668810289389068 0.493801456461118 0.762069215881706 0.462958549196202 0.5429352034977
0.574443230801044 0.665594855305466 0.317359789168927 0.375096326822705 0.579225760503969 0.56456073583903
0.405348051228643 0.501607717041801 0.103921070155539 0.879457573779522 0.358694070011848 0.381780431279399
0.0189879329058006 0.192926045016077 0.201161614766783 0 0.144296694186435 0.0872189954676814
0.838144518631749 0.536977491961415 0.103921070155539 0.431951498630542 0.577712029562796 0.579736202164289
0.447783903589461 0.610932475884244 0.535864850877831 0.762069215881706 0.436130619645302 0.518766087572924
0.450837206953341 0.672025723472669 0.557806569629416 0.648112165764814 0.453483956712009 0.544265326872036
0.943253172137071 0.643086816720257 0.30259286301709 0.586407851809814 0.515262326702213 0.717464884188946
0.544418431505044 0.553054662379421 0.180110313162986 0.537928287085493 0.466507594843508 0.482522539802389
0.925341055117795 0.871382636655949 0.651870961301186 0.586407851809814 0.918684494078676 0.862927356310863
0.426908203711559 0.546623794212219 0.729311266753165 0.431951498630542 0.457704319565959 0.510542170983525
0.436530366541305 0.598070739549839 0.473660167079613 0.431951498630542 0.46421392555806 0.499491242605493
0.527755422491181 0.553054662379421 0.261167896812603 0.879457573779522 0.47401413319209 0.49238517508905
0.587555113984672 0.186495176848875 0.0142652230366629 0.762069215881706 0.398529306842724 0.300170392366544
0.510269166585699 0.704180064308682 0.603559387552338 0.478500208370274 0.633098411219159 0.592888999561754
0.0624610948805229 0.170418006430868 0.0627769593630711 0.276878336588371 0.191311884737207 0.0966162076729725
0.438583355507429 0.546623794212219 0.317359789168927 0.698315995851059 0.35029663647042 0.45794300528118
0.18416977086641 0.430868167202572 0.702821340058883 0.276878336588371 0.356521730117184 0.328609797058833
0.447783903589461 0.707395498392283 0.651870961301186 0.648112165764814 0.534638273041246 0.567551191991965
0.438583355507429 0.598070739549839 0.514533088885132 0.698315995851059 0.35029663647042 0.506524278023402
0.695499217257465 0.807073954983923 0.111003242028016 0.431951498630542 0.874579280285236 0.61701383049665
0.53738914958334 0.594855305466238 0.435109676650442 0.762069215881706 0.500095463516942 0.542722813496916
0.181917342940274 0.543408360128617 0.535864850877831 0.537928287085493 0.366312269821178 0.344256810131919
0.260588528967486 0.270096463022508 0.288311411730046 0.431951498630542 0.346576482459438 0.268072135484442
0.578199312791976 0.453376205787781 0.134239363260451 0.375096326822705 0.436023626171347 0.450026782934155
0.653265317384876 0.762057877813505 0.364666797680412 0.586407851809814 0.716875680300173 0.644515775049483
0.151308623178288 0.192926045016077 0.223863410653071 0.235132365207418 0.252112530620054 0.176341485821037
0.686351989395285 0.678456591639871 0.381469226123769 0.537928287085493 0.517427000863053 0.633859460589773
0.454221970283483 0.707395498392283 0.535864850877831 0.813835943159381 0.501676371334389 0.554665319051931
0.510269166585699 0.514469453376206 0.288311411730046 0.813835943159381 0.507206372784924 0.475745388244808
0.18416977086641 0.196141479099678 0.00148737797663842 0.537928287085493 0.340416103583224 0.142674507414101
0.412691072495776 0.662379421221865 0.651870961301186 0.478500208370274 0.448486775941402 0.533355135727884
0.499815117673414 0.559485530546624 0.514533088885132 0.375096326822705 0.531226918237214 0.52386357361279
0.384483537113727 0.479099678456592 0.201161614766783 0.375096326822705 0.426793680661606 0.387067621436412
0.148915802055797 0.382636655948553 0.332621505953417 0.698315995851059 0.145365467790682 0.25040046388006
0.24098018014843 0.372990353697749 0.235855628913216 0.698315995851059 0.412423767655536 0.286094045429145
0.0173598159901269 0.308681672025724 0.557806569629416 0.478500208370274 0.102604705247339 0.143686559241137
0.695499217257465 0.594855305466238 0.0731087476037438 0.431951498630542 0.57873976377619 0.531377317383517
0.398314772638361 0.559485530546624 0.261167896812603 0.698315995851059 0.415693902807704 0.432133428972788
0.696088010646013 0.726688102893891 0.45409947520914 0.537928287085493 0.614658214163614 0.668895526738342
0.388045018426088 0.57556270096463 0.274506164680522 0.431951498630542 0.479872737824159 0.434640324094084
0.838144518631749 0.633440514469453 0.348387373858333 0.762069215881706 0.535583839888963 0.678563542863516
0.386621688224214 0.694533762057878 0.223863410653071 0.813835943159381 0.448557388994625 0.461404767887101
0.696088010646013 0.720257234726688 0.317359789168927 0.537928287085493 0.601453659345407 0.640714339983978
0.467010908098507 0.401929260450161 0.090701213861132 0.698315995851059 0.356106073356145 0.371606912552239
0.539309167001666 0.469453376205788 0.332621505953417 0.648112165764814 0.513190266008012 0.480496470452766
0.599645871301088 0.665594855305466 0.398804151407348 0.431951498630542 0.582207394458706 0.591618246531258
0.428631528237526 0.591639871382637 0.180110313162986 0.375096326822705 0.440622893170207 0.441023432185329
0.0282835146738934 0.0932475884244373 0.0377853050533701 0.375096326822705 0.0944321508330788 0.0498144634215699
0.438583355507429 0.617363344051447 0.514533088885132 0.648112165764814 0.361524340521593 0.513121865428104
1 0.47588424437299 0.0845469524040323 0.431951498630542 0.523245623273911 0.610759442132489
0.568794101845926 0.868167202572347 0.580368112670072 0.431951498630542 1 0.675005088662912
0.589420457960256 0.752411575562701 0.348387373858333 0.537928287085493 0.709757243834102 0.607236356908863
0.479355609665668 0.607717041800643 0.473660167079613 0.698315995851059 0.474362779676601 0.524635257919599
0.557124309240246 0.598070739549839 0.493801456461118 0.431951498630542 0.462321868409757 0.562709792231532
0.609814931863165 0.691318327974277 0.729311266753165 0.648112165764814 0.56376540801089 0.656686863669033
0.989261611266378 0.553054662379421 0.30259286301709 0.586407851809814 0.509984631174037 0.699836157503985
0.503416604885957 0.469453376205788 0.627390341539696 0.537928287085493 0.537431022912739 0.507486311972165
0.468350509903207 0.54983922829582 0.317359789168927 0.762069215881706 0.451151329305813 0.47358752677421
0.260588528967486 0.29903536977492 0.398804151407348 0.330754098579341 0.346576482459438 0.293307875297637
0.373014750548881 0.405144694533762 0.0344140650881236 0.109460570166983 0.375564159929875 0.312253466046019
0.409898717987981 0.594855305466238 0.288311411730046 0.698315995851059 0.398584684008125 0.454547288534983
0.0173598159901269 0.360128617363344 0.0451777231561929 0.813835943159381 0.101325476872947 0.10132547687285
0.148915802055797 0.408360128617363 0.416681108881079 0.698315995851059 0.145365467790682 0.268318854578952
0.481679511431888 0.617363344051447 0.348387373858333 0.648112165764814 0.386994929777179 0.508708650909369
0.527755422491181 0.430868167202572 0.090701213861132 0.648112165764814 0.509671346194779 0.407975774180477
0.539309167001666 0.614147909967846 0.473660167079613 0.762069215881706 0.503031061984772 0.556667048998629
0.106695946706262 0.372990353697749 0.729311266753165 0.330754098579341 0.37671321092182 0.259146976982166
0.996599260591482 0.45016077170418 0.151473062091352 0.586407851809814 0.513503431083361 0.620761848903452
0.253291525457569 0.829581993569132 0.493801456461118 0.478500208370274 0.794960997313225 0.468282230526368
0.510269166585699 0.498392282958199 0.702821340058883 0.648112165764814 0.521870524709015 0.531681805937766
0.468015725477365 0.488745980707395 0.332621505953417 0.235132365207418 0.496539776665864 0.454497248389953
0.401484640116385 0.704180064308682 0.651870961301186 0.648112165764814 0.499105691838751 0.540991387768413
0.18416977086641 0.482315112540193 0.677011272611858 0.478500208370274 0.351923543645954 0.342475493842174
0.497518889439109 0.617363344051447 0.317359789168927 0.698315995851059 0.427549275397581 0.510935873823855
0.156060362292449 0.0836012861736334 0.160638560180396 0.0662914220486576 0.337314875714205 0.1269760759502
