0.653265317384876 0.607717041800643 0.0627769593630711 0.14628681327569 0.54238203256085 0.554914504959713
0.733442489338549 0.614147909967846 0.364666797680412 0.586407851809814 0.446769085289259 0.608145200686624
0.624203833260222 0.852090032154341 0.627390341539696 0.698315995851059 0.906030433861906 0.750459552506427
0.960524609688224 0.372990353697749 0.0377853050533701 0.14628681327569 0.54238203256085 0.570733468447682
0.587555113984672 0.881028938906752 0.651870961301186 0.698315995851059 0.948956831360198 0.763759455261434
0.447783903589461 0.684887459807074 0.651870961301186 0.537928287085493 0.504360359271172 0.621132275989578
0.282107643013957 0.823151125401929 0.535864850877831 0.698315995851059 0.698992812307588 0.656081561471187
0.678946159117823 0.977491961414791 0.677011272611858 0.648112165764814 0.959470548634581 0.845159045244848
0.568794101845926 0.495176848874598 0.212301736056019 0.330754098579341 0.461440391953408 0.473791895948984
0.0920974377335113 0.369774919614148 0.514533088885132 0 0.345151165628032 0.358429142467857
0.45962076036697 0.726688102893891 0.627390341539696 0.813835943159381 0.576511917064749 0.642212913788914
0.264212953838001 0.282958199356913 0.288311411730046 0.330754098579341 0.251177881351502 0.279083494462652
0.838144518631749 0.536977491961415 0.103921070155539 0.431951498630542 0.577712029562796 0.586278082719209
0.0943002179325689 0.418006430868167 0.872315059239456 0.14628681327569 0.37671321092182 0.502925118565328
0.53738914958334 0.37620578778135 0.142676209888969 0.276878336588371 0.54238203256085 0.395562567065296
0.0319617938015645 0.170418006430868 0.288311411730046 0.109460570166983 0.297714090063855 0.180982752161957
0.0920974377335113 0.495176848874598 0.651870961301186 0.330754098579341 0.345151165628032 0.466909315507429
0.380195749497416 0.42443729903537 0.160638560180396 0.478500208370274 0.425197123396491 0.371125673420292
0.574756541596515 0.852090032154341 0.514533088885132 0.537928287085493 0.906279170348755 0.720858180629888
0.447783903589461 0.707395498392283 0.651870961301186 0.648112165764814 0.534638273041246 0.633950725660179
0.624203833260222 0.790996784565916 0.702821340058883 0.648112165764814 0.787626392518638 0.729970183744559
0.37229422454257 0.514469453376206 0.118411387620891 0.478500208370274 0.426381567824689 0.42071936224155
0.497518889439109 0.697749196141479 0.364666797680412 0.762069215881706 0.545827622174543 0.588379398790425
0.331936012998115 0.591639871382637 0.435109676650442 0.813835943159381 0.373402878468002 0.500041707931939
0.95389389968847 0.614147909967846 0.317359789168927 0.478500208370274 0.541846771121584 0.682228291653612
0.112997765091634 0.289389067524116 0.364666797680412 0.375096326822705 0.340364209656664 0.273144359648612
0.477693450646586 0.520900321543408 0.30259286301709 0.586407851809814 0.456465584558899 0.47060869080785
0.248390015295632 0.508038585209003 0.348387373858333 0.698315995851059 0.196417131978639 0.418495544913555
0.137262567188558 0.466237942122186 0.84227296084362 0.648112165764814 0.13374705164952 0.516414497174427
0.520007272502554 0.482315112540193 0.151473062091352 0.879457573779522 0.490644359566877 0.44578478233637
0.487969100610572 0.495176848874598 0.30259286301709 0.586407851809814 0.472547172297344 0.459114513068052
0.996599260591482 0.260450160771704 0.0344140650881236 0.537928287085493 0.522524124327678 0.555450833714467
0.800747091354065 0.681672025723473 0.248287429082999 0.375096326822705 0.62400673902109 0.654306813720287
0.578199312791976 0.302250803858521 0.0124913481881143 0.478500208370274 0.431470205460584 0.372795991886927
0.436530366541305 0.530546623794212 0.235855628913216 0.762069215881706 0.421554293789165 0.456865247927415
0.193539590305605 0.627009646302251 0.729311266753165 0.478500208370274 0.4060769942587 0.56967754567408
0.599645871301088 0.839228295819936 0.677011272611858 0.648112165764814 0.896945497904282 0.746607782970144
0.624203833260222 0.70096463022508 0.45409947520914 0.648112165764814 0.604293623101357 0.634898163660066
0.229309177435793 0.398713826366559 0.514533088885132 0.879457573779522 0.357470147594291 0.389910929286993
0.436530366541305 0.340836012861736 0.103921070155539 0.586407851809814 0.43922249187054 0.338209927908476
0.0599869667484552 0.115755627009646 0.19043410482179 0.330754098579341 0.11524471378286 0.124629125618131
0.644531471726606 0.919614147909968 0.580368112670072 0.431951498630542 0.978008191179652 0.78721531455658
0.123786496643052 0.356913183279743 0.651870961301186 0.586407851809814 0.321589642533872 0.399254798682074
0.373014750548881 0.67524115755627 0.677011272611858 0.431951498630542 0.492273466820332 0.607644781771774
0.352666511771161 0.559485530546624 0.45409947520914 0.648112165764814 0.370060206106487 0.488379726832573
0.527755422491181 0.614147909967846 0.348387373858333 0.762069215881706 0.49950823011503 0.544028103347521
0.358882450620784 0.646302250803859 0.288311411730046 0.537928287085493 0.400230285072868 0.517173080071615
0.574756541596515 0.553054662379421 0.0627769593630711 0.14628681327569 0.484490739390077 0.498810455654492
0.468350509903207 0.244372990353698 0.0142652230366629 0.813835943159381 0.446605950999208 0.301816767831482
0.838144518631749 0.688102893890675 0.201161614766783 0.537928287085493 0.609690387195748 0.667112272272936
0.419645600427018 0.546623794212219 0.416681108881079 0.478500208370274 0.373361575968726 0.48843459951115
0.53738914958334 0.495176848874598 0.288311411730046 0.648112165764814 0.5102579264357 0.47218043508662
0.44438345610826 0.514469453376206 0.0229210014580571 0.478500208370274 0.430080452015314 0.436305213655966
0.454221970283483 0.742765273311897 0.398804151407348 0.932657205166915 0.536009547976478 0.611263579449291
0.759624535804641 0.263665594855305 0.0451777231561929 0.932657205166915 0.441575697347599 0.441575697347744
0.624203833260222 0.627009646302251 0.381469226123769 1 0.44066527512852 0.582969120695484
0.212305199965966 0.446945337620579 0.603559387552338 0.648112165764814 0.287497191085724 0.438103907699803
0.479355609665668 0.559485530546624 0.30259286301709 0.648112165764814 0.478893769297346 0.493266588135454
0.626337600918792 0.813504823151125 0.603559387552338 0.478500208370274 0.858234508001551 0.724383905755356
0.838144518631749 0.778135048231511 0.514533088885132 0.586407851809814 0.784143281526494 0.748464421579916
0.429320233895678 0.520900321543408 0.348387373858333 0.235132365207418 0.381943494410943 0.464426362718924
0.204514989037123 0.440514469453376 0.288311411730046 0.586407851809814 0.39834908106381 0.358752104967853
0.632421108867611 0.504823151125402 0.261167896812603 0.698315995851059 0.420980050929422 0.505333857975661
0.084264868886491 0.434083601286174 0.332621505953417 0.648112165764814 0.219450128482436 0.349382863340554
0.436530366541305 0.254019292604502 0.0451777231561929 0.586407851809814 0.43922249187054 0.29329574114278
0.388045018426088 0.762057877813505 0.729311266753165 0.537928287085493 0.664348154118808 0.672297125581677
0.384483537113727 0.540192926045016 0.212301736056019 0.762069215881706 0.383943157464577 0.447250822659328
0.24098018014843 0.591639871382637 0.729311266753165 0.375096326822705 0.449449482961243 0.555048928812218
0.436530366541305 0.42443729903537 0.201161614766783 0.276878336588371 0.46421392555806 0.39179021384419
0.996599260591482 0.45016077170418 0.151473062091352 0.586407851809814 0.513503431083361 0.618330791035815
0.477693450646586 0.588424437299035 0.473660167079613 0.537928287085493 0.465543656165556 0.53664373050062
0.419645600427018 0.546623794212219 0.416681108881079 0.478500208370274 0.373361575968726 0.48843459951115
0.574756541596515 0.591639871382637 0.151473062091352 0.879457573779522 0.41626757376362 0.524883287023304
0.152262547355424 0.0932475884244373 0.126153934197248 0.431951498630542 0.218823251985929 0.119204233249792
0.644833278105003 0.77491961414791 0.398804151407348 0.648112165764814 0.688328280588809 0.67555442788165
0.520007272502554 0.652733118971061 0.348387373858333 0.375096326822705 0.558306126338472 0.564647837390735
0.568794101845926 0.665594855305466 0.557806569629416 0.184834149993478 0.526132055162852 0.618268064922285
0.405348051228643 0.501607717041801 0.0845469524040323 0.762069215881706 0.384538376384896 0.419428407808521
0.574443230801044 0.816720257234727 0.580368112670072 0.879457573779522 0.814386106777018 0.710257301054853
0.230568397370851 0.29903536977492 0.134239363260451 0.537928287085493 0.274471667806801 0.253677022059825
0.195308357506359 0.47588424437299 0.651870961301186 0.431951498630542 0.357295874503917 0.465352912507118
0.388045018426088 0.498392282958199 0.435109676650442 0.586407851809814 0.45492618856533 0.457145531371133
0.587555113984672 0.90032154340836 0.729311266753165 0.698315995851059 0.948956831360198 0.789665723088383
0.849201805033812 0.601286173633441 0.090701213861132 0.431951498630542 0.576220641868586 0.621204468297632
0.268621668573135 0.369774919614148 0.170181396165586 0.813835943159381 0.369915383554124 0.310133449618436
0.696088010646013 0.710610932475884 0.514533088885132 0.586407851809814 0.572649201495448 0.669764930872989
0.655367783852765 0.630225080385852 0.201161614766783 0.648112165764814 0.554680753802558 0.575073877766101
0.520007272502554 0.697749196141479 0.535864850877831 0.235132365207418 0.625793994945084 0.620536570142436
0.42033900989286 0.646302250803859 0.261167896812603 0.537928287085493 0.42031553781732 0.526783774891737
0.53738914958334 0.35048231511254 0.111003242028016 0.375096326822705 0.54238203256085 0.381018847395361
0.38875605607787 0.803858520900322 0.627390341539696 0.879457573779522 0.686698698451642 0.67566453417415
0.436530366541305 0.565916398713826 0.274506164680522 0.698315995851059 0.427252367427227 0.482497381553844
0.128324996162024 0.42443729903537 0.381469226123769 0.698315995851059 0.0765147146188614 0.357443655960686
0.499815117673414 0.668810289389068 0.435109676650442 0.478500208370274 0.550086891651888 0.581740699905469
0.159830350036418 0.292604501607717 0.00368351386838143 0.431951498630542 0.174849813934362 0.225811337206653
0.595005036148038 0.559485530546624 0.332621505953417 0.431951498630542 0.399923456078465 0.530613386169922
0.398314772638361 0.662379421221865 0.381469226123769 0.537928287085493 0.44014353533286 0.547424810389941
0.195308357506359 0.414790996784566 0.651870961301186 0.375096326822705 0.357295874503917 0.434301625239671
0.661662063811353 0.681672025723473 0.381469226123769 0.276878336588371 0.529696658313087 0.624371216518461
0.510269166585699 0.501607717041801 0.170181396165586 0.813835943159381 0.507206372784924 0.454948998610676
0.260588528967486 0.29903536977492 0.398804151407348 0.330754098579341 0.346576482459438 0.313383783087308
0.770470460712514 0.790996784565916 0.473660167079613 0.879457573779522 0.742197349766486 0.729420296224238
0.578199312791976 0.556270096463023 0.398804151407348 0.276878336588371 0.436023626171347 0.533393579858704
0.255731117488761 0.414790996784566 0.103921070155539 0.537928287085493 0.337814049226906 0.329569407843146
0.429320233895678 0.385852090032154 0.201161614766783 0.813835943159381 0.334243585921134 0.368415140632115
0.336039990393786 0.47588424437299 0.0580059419752306 0.235132365207418 0.370217711115927 0.384792004645592
0.838144518631749 0.794212218649518 0.557806569629416 0.586407851809814 0.816577591096899 0.763532399186193
0.933642753789908 0.488745980707395 0.19043410482179 0.648112165764814 0.500868127307316 0.608514004689304
0.514171565137679 0.42443729903537 0.090701213861132 0.537928287085493 0.453163713068681 0.408668443876722
0.800747091354065 0.919614147909968 0.872315059239456 0.478500208370274 0.995677623968802 0.878339435306507
0.401132830165165 0.479099678456592 0.0845469524040323 0.586407851809814 0.36684574021004 0.404539112442466
0.481679511431888 0.289389067524116 0.0182670839374304 0.14628681327569 0.41805607451107 0.327021053180642
0.513196866427127 0.440514469453376 0.180110313162986 0.586407851809814 0.535070989339471 0.423071411837757
0.609814931863165 0.57556270096463 0.151473062091352 0.478500208370274 0.511748884360172 0.526595139665034
0.38875605607787 0.598070739549839 0.535864850877831 0.276878336588371 0.392055102143939 0.53471023544815
0.388045018426088 0.745980707395498 0.729311266753165 0.586407851809814 0.622544675555337 0.662975429524741
0.45962076036697 0.729903536977492 0.651870961301186 0.762069215881706 0.587611629806551 0.649198793404218
0.60273328459043 0.360128617363344 0.0312494270487436 0.586407851809814 0.357438034231601 0.40842221744084
0.499815117673414 0.540192926045016 0.493801456461118 0.330754098579341 0.531226918237214 0.519722315570101
0.477693450646586 0.463022508038585 0.274506164680522 0.932657205166915 0.394849038930028 0.434524824624271
0.344939311389505 0.54983922829582 0.416681108881079 0.537928287085493 0.441331033388062 0.473974977733838
0.468015725477365 0.720257234726688 0.784371301252558 0.478500208370274 0.646119239626103 0.675745269535942
0.468015725477365 0.527331189710611 0.223863410653071 0.478500208370274 0.492017707048757 0.46222912948631
0.53738914958334 0.530546623794212 0.332621505953417 0.698315995851059 0.50574267173399 0.497386428605789
0.813927915476257 0.697749196141479 0.416681108881079 0.235132365207418 0.656913569141913 0.684852210870782
0.826761025098937 0.733118971061093 0.45409947520914 0.537928287085493 0.713478548459286 0.712521060948691
0.436530366541305 0.591639871382637 0.332621505953417 0.586407851809814 0.43922249187054 0.505515270721971
0.264212953838001 0.218649517684887 0.248287429082999 0.762069215881706 0.207297167646059 0.238304458659897
0.0484904806678422 0.401929260450161 0.348387373858333 0.698315995851059 0.0787037961403902 0.330497997657165
0.520977826402094 0.479099678456592 0.364666797680412 0.762069215881706 0.501269816531701 0.469750670870135
0.695499217257465 0.62379421221865 0.0971564996669895 0.431951498630542 0.57873976377619 0.578739763776241
0.426908203711559 0.681672025723473 0.557806569629416 0.375096326822705 0.491053770268919 0.595381670217092
0.397256351877963 0.511254019292605 0.19043410482179 0.648112165764814 0.414183987556073 0.430465319086897
0.345677600588145 0.504823151125402 0.30259286301709 0.648112165764814 0.373229794548163 0.427878187915975
0.364338656321446 0.536977491961415 0.473660167079613 0.698315995851059 0.405059370030466 0.48164663764787
0.468350509903207 0.585209003215434 0.364666797680412 0.813835943159381 0.446605950999208 0.514109984835272
0.37229422454257 0.501607717041801 0.111003242028016 0.431951498630542 0.430937724619095 0.412233553134716
0.477693450646586 0.585209003215434 0.348387373858333 0.431951498630542 0.481407776974941 0.514091272885287
0.607970133804873 0.971061093247588 0.812961805376277 0.478500208370274 0.961269997111476 0.851770809628214
0.477693450646586 0.463022508038585 0.274506164680522 0.932657205166915 0.394849038930028 0.434524824624271
0.398314772638361 0.501607717041801 0.223863410653071 0.184834149993478 0.452705373871303 0.428302048238246
0.282107643013957 0.823151125401929 0.473660167079613 0.698315995851059 0.698992812307588 0.645890267303786
0.140202919534023 0.379421221864952 0.398804151407348 0.648112165764814 0.162490065733563 0.33604237406172
0.599645871301088 0.662379421221865 0.398804151407348 0.586407851809814 0.553351150521704 0.598205050246096
0.578199312791976 0.565916398713826 0.398804151407348 0.375096326822705 0.436023626171347 0.538577824592005
0.172361245254835 0.514469453376206 0.603559387552338 0.648112165764814 0.319723715806825 0.470141434385533
0.439608689959593 0.678456591639871 0.557806569629416 0.478500208370274 0.527425172208335 0.596040300492053
0.813927915476257 0.581993569131833 0.348387373858333 0.698315995851059 0.553177473834928 0.618005673718039
0.345677600588145 0.710610932475884 0.45409947520914 0.648112165764814 0.475338058663054 0.579406605788879
0.544418431505044 0.707395498392283 0.627390341539696 0.698315995851059 0.574261042347699 0.649364520636768
0.212305199965966 0.270096463022508 0.580368112670072 0.537928287085493 0.304312540573024 0.34789688935082
0.364338656321446 0.543408360128617 0.416681108881079 0.698315995851059 0.405059370030466 0.474163666580519
0.345677600588145 0.707395498392283 0.627390341539696 0.586407851809814 0.476022906537585 0.610713237074648
0.885635197394894 0.463022508038585 0.142676209888969 0.698315995851059 0.509720817174549 0.574728288449889
0.0948486067563032 0.257234726688103 0.30259286301709 0.330754098579341 0.325690789718966 0.236207758440997
0.153690054583361 0 0.142676209888969 0.431951498630542 0.219147025057688 0.103944541794259
0.106165947296782 0.418006430868167 0.223863410653071 0.698315995851059 0.141178378036546 0.321551857500473
0 0.0964630225080386 0 0.932657205166915 0 0.0691165833817934
0.653265317384876 0.52411575562701 0.0534876149385717 0.0662914220486576 0.54238203256085 0.509042319832778
0.282107643013957 0.633440514469453 0.0627769593630711 0.330754098579341 0.393589441507891 0.478265510066567
0.550465577002394 0.385852090032154 0.151473062091352 0.537928287085493 0.391320439807539 0.40584097130767
0.447783903589461 0.562700964630225 0.473660167079613 0.813835943159381 0.431577256318047 0.514940458681166
0.599645871301088 0.742765273311897 0.45409947520914 0.586407851809814 0.709520366873475 0.652535849882874
0.249209029101021 0.469453376205788 0.30259286301709 0.478500208370274 0.432532739725609 0.386766767538003
0.181917342940274 0.466237942122186 0.274506164680522 0.431951498630542 0.382364839403857 0.369637286479514
0.264212953838001 0.196141479099678 0.0580059419752306 0.648112165764814 0.217850994165518 0.199201554878388
0.527755422491181 0.401929260450161 0.0678085723722795 0.586407851809814 0.517020887037485 0.400738040057914
0.599645871301088 0.823151125401929 0.651870961301186 0.648112165764814 0.864725318787521 0.732559353310644
0.147474527303945 0.0771704180064309 0.812961805376277 0.0662914220486576 0.219213922081727 0.385606037801222
0.626337600918792 0.971061093247588 0.651870961301186 0.762069215881706 0.931161005165935 0.825769710812242
0.0593642206487975 0.254019292604502 0.118411387620891 0.813835943159381 0.11171101370592 0.192508280656605
0.813927915476257 0.813504823151125 0.651870961301186 0.431951498630542 0.891000966981652 0.782261691553393
0.447444234015299 0.639871382636656 0.19043410482179 0.14628681327569 0.465779258149816 0.522476050673211
0.770470460712514 0.7491961414791 0.603559387552338 0.813835943159381 0.67769753109261 0.727027055487885
0.42033900989286 0.42443729903537 0.160638560180396 0.431951498630542 0.43626280365239 0.382860236039978
0.546330398341 0.440514469453376 0.416681108881079 0.375096326822705 0.54296655864756 0.467425091912498
0.0282835146738934 0.0771704180064309 0.0229210014580571 0.276878336588371 0.0944321508330788 0.058211667727739
0.564702832505823 0.536977491961415 0.364666797680412 0.648112165764814 0.400989726721214 0.513738054094729
0.115075425900423 0.209003215434084 0.223863410653071 0.330754098579341 0.344552959315718 0.191470026339409
0.549512201234291 0.778135048231511 0.812961805376277 0.478500208370274 0.792222327992829 0.730503048103606
0.468015725477365 0.456591639871383 0.274506164680522 0.879457573779522 0.428411487478534 0.428083983766183
0.0530372459257098 0.337620578778135 0.261167896812603 0.813835943159381 0.0630059721695433 0.271488789744479
0.491598484645818 0.710610932475884 0.651870961301186 0.431951498630542 0.630139811711649 0.644644156830098
0.432758451244556 0.839228295819936 0.535864850877831 0.537928287085493 0.823370910254593 0.688341857439161
0.578199312791976 0.514469453376206 0.332621505953417 0.431951498630542 0.436023626171347 0.501300819939839
0.695499217257465 1 0.677011272611858 0.698315995851059 0.961310920537044 0.862211202455461
0.770470460712514 0.826366559485531 0.514533088885132 0.762069215881706 0.8383679684504 0.754954858821265
0.503416604885957 0.469453376205788 0.627390341539696 0.537928287085493 0.537431022912739 0.515835974705525
0.44438345610826 0.768488745980707 0.30259286301709 0.537928287085493 0.689335243634964 0.613928353999001
0.416868267314581 0.594855305466238 0.702821340058883 0.431951498630542 0.373776366478229 0.577822283732419
0.885635197394894 0.585209003215434 0.170181396165586 0.762069215881706 0.504076069208452 0.630781266012745
0.438583355507429 0.45016077170418 0.142676209888969 0.648112165764814 0.35489578570075 0.401615651360569
0.539309167001666 0.440514469453376 0.223863410653071 0.478500208370274 0.540806004707385 0.43622333990348
0.18416977086641 0.533762057877814 0.903098429048707 0.478500208370274 0.351923543645954 0.57265408245265
0.561233464503942 0.745980707395498 0.651870961301186 0.762069215881706 0.69004210313179 0.679852984931899
0.376251628190523 0.456591639871383 0.332621505953417 0.537928287085493 0.374496182606832 0.41155944116
0.429320233895678 0.581993569131833 0.398804151407348 0.431951498630542 0.381943494410943 0.508176242212431
0.677758786546757 0.790996784565916 0.416681108881079 0.276878336588371 0.806493249978207 0.69596566354816
0.140202919534023 0.308681672025724 0.473660167079613 0.813835943159381 0.147103768390711 0.31895843295844
0.0438332073670296 0.212218649517685 0.473660167079613 0.648112165764814 0.112076339538353 0.266561804429883
0.376251628190523 0.57556270096463 0.493801456461118 0.478500208370274 0.385953844880811 0.510458798633365
0.544418431505044 0.594855305466238 0.30259286301709 0.762069215881706 0.423296391328021 0.531612389570224
0.665250046470026 0.691318327974277 0.381469226123769 0.813835943159381 0.557177688296712 0.630832469544314
0.479355609665668 0.434083601286174 0.223863410653071 0.762069215881706 0.468695779963947 0.413024000948154
0.264212953838001 0.282958199356913 0.288311411730046 0.330754098579341 0.251177881351502 0.279083494462652
0.0543177608934037 0.385852090032154 0.288311411730046 0.537928287085493 0.112902293549975 0.307911639407091
0.488299404306018 0.90032154340836 0.784371301252558 0.431951498630542 0.904630615180806 0.782165027108432
0.411644652928489 0.327974276527331 0.0534876149385717 0.276878336588371 0.420870079212448 0.320126677349663
0.553956721838596 0.52411575562701 0.580368112670072 0.698315995851059 0.506916297813635 0.544685529960983
0.53738914958334 0.62379421221865 0.514533088885132 0.762069215881706 0.500095463516942 0.578978339468164
0.725615608036492 0.771704180064309 0.45409947520914 0.478500208370274 0.73448886084398 0.703040425676846
0.549512201234291 0.778135048231511 0.812961805376277 0.478500208370274 0.792222327992829 0.730503048103606
0.0229516868613538 0.0996784565916399 0.0344140650881236 0.648112165764814 0.0871215375335111 0.0741360897298638
0.403593427347215 0.42443729903537 0.30259286301709 0.762069215881706 0.31330215605791 0.395825254731476
0.118171447176562 0.369774919614148 0.332621505953417 0.330754098579341 0.12666241485817 0.312119692289585
0.148915802055797 0.427652733118971 0.651870961301186 0.276878336588371 0.18378656213392 0.435641906345789
0.838144518631749 0.536977491961415 0.103921070155539 0.431951498630542 0.577712029562796 0.586278082719209
0.147474527303945 0.0771704180064309 0.812961805376277 0.0662914220486576 0.219213922081727 0.385606037801222
0.0123008330917672 0.488745980707395 0.729311266753165 0.375096326822705 0.15323677247022 0.484832251238475
0.436530366541305 0.488745980707395 0.160638560180396 0.478500208370274 0.459675379077666 0.424912384407754
0.42033900989286 0.469453376205788 0.274506164680522 0.431951498630542 0.43626280365239 0.421556333206576
0.468350509903207 0.659163987138264 0.473660167079613 0.762069215881706 0.451151329305813 0.57520530953286
0.520007272502554 0.472668810289389 0.134239363260451 0.879457573779522 0.490644359566877 0.439265689294817
0.546330398341 0.456591639871383 0.651870961301186 0.586407851809814 0.518193074672314 0.528196941196995
0.280926001522639 0.67524115755627 0.398804151407348 0.375096326822705 0.474196528895607 0.537969844193206
0.578199312791976 0.565916398713826 0.398804151407348 0.375096326822705 0.436023626171347 0.538577824592005
0.701379871721917 0.334405144694534 0.00799604174068766 0.14628681327569 0.399923456078465 0.439161371673972
0.556491259906414 0.913183279742765 0.627390341539696 0.586407851809814 0.923451171953756 0.77236320467053
0.249209029101021 0.446945337620579 0.317359789168927 0.537928287085493 0.421139880267075 0.375411319389935
0.741242198253985 0.308681672025724 0.0108596881428074 0.431951498630542 0.48477326230319 0.447452906565304
0.624203833260222 0.639871382636656 0.435109676650442 0.586407851809814 0.523889760269675 0.597890739759854
0.260588528967486 0.106109324758842 0.142676209888969 0.276878336588371 0.346576482459438 0.169639325241565
0.195308357506359 0.418006430868167 0.651870961301186 0.431951498630542 0.357295874503917 0.435881458096013
0.520977826402094 0.620578778135048 0.627390341539696 0.478500208370274 0.539051917445769 0.596330679958978
0.428631528237526 0.585209003215434 0.180110313162986 0.431951498630542 0.440622893170207 0.482965914336924
0.468015725477365 0.463022508038585 0.19043410482179 0.375096326822705 0.496539776665864 0.421939308573471
0.229309177435793 0.501607717041801 0.651870961301186 0.537928287085493 0.410205745602621 0.483153195225247
0.574756541596515 0.704180064308682 0.332621505953417 0.276878336588371 0.622313029327095 0.607370911168272
0.560917722788347 0.344051446945338 0.398804151407348 0.698315995851059 0.50398194994053 0.425439778764104
0.561233464503942 0.620578778135048 1 0.932657205166915 0.480036242676384 0.704081254809985
0.665250046470026 0.591639871382637 0.142676209888969 0.932657205166915 0.463444268587845 0.553037108240529
0.568794101845926 0.691318327974277 0.535864850877831 0.330754098579341 0.573130034666897 0.628573281625934
0.403593427347215 0.389067524115756 0.288311411730046 0.813835943159381 0.308677668134435 0.374329604000993
0.503416604885957 0.536977491961415 0.493801456461118 0.184834149993478 0.553171351469797 0.518968117131134
0.513196866427127 0.607717041800643 0.398804151407348 0.762069215881706 0.517592529819099 0.543801337679266
0.479355609665668 0.440514469453376 0.201161614766783 0.762069215881706 0.468695779963947 0.414050191603883
0.427253047408286 0.604501607717042 0.317359789168927 0.478500208370274 0.420174397871422 0.509059439196185
0.512221568331649 0.659163987138264 0.381469226123769 0 0.491097121428811 0.571005704725238
0.499815117673414 0.559485530546624 0.514533088885132 0.276878336588371 0.531226918237214 0.534247221174587
0.45962076036697 0.443729903536978 0.30259286301709 0.813835943159381 0.448438829771541 0.422601307614
0.513196866427127 0.485530546623794 0.30259286301709 0.537928287085493 0.544070901465405 0.46139269090455
0.510269166585699 0.736334405144695 0.651870961301186 0.537928287085493 0.687672375963808 0.663192660179346
0.95389389968847 0.427652733118971 0.0580059419752306 0.109460570166983 0.546344575370001 0.587468612998592
0.38875605607787 0.643086816720257 0.603559387552338 0.375096326822705 0.427602386976234 0.575236222469049
0.468350509903207 0.668810289389068 0.493801456461118 0.762069215881706 0.462958549196202 0.584426999959264
0.574443230801044 0.665594855305466 0.317359789168927 0.375096326822705 0.579225760503969 0.582726638437471
0.405348051228643 0.501607717041801 0.103921070155539 0.879457573779522 0.358694070011848 0.420347136200626
0.0189879329058006 0.192926045016077 0.201161614766783 0 0.144296694186435 0.166607218407138
0.838144518631749 0.536977491961415 0.103921070155539 0.431951498630542 0.577712029562796 0.586278082719209
0.447783903589461 0.610932475884244 0.535864850877831 0.762069215881706 0.436130619645302 0.554520656353982
0.450837206953341 0.672025723472669 0.557806569629416 0.648112165764814 0.453483956712009 0.594607571549061
0.943253172137071 0.643086816720257 0.30259286301709 0.586407851809814 0.515262326702213 0.690377908132551
0.544418431505044 0.553054662379421 0.180110313162986 0.537928287085493 0.466507594843508 0.495464863825461
0.925341055117795 0.871382636655949 0.651870961301186 0.586407851809814 0.918684494078676 0.84578255234296
0.426908203711559 0.546623794212219 0.729311266753165 0.431951498630542 0.457704319565959 0.562105307335587
0.436530366541305 0.598070739549839 0.473660167079613 0.431951498630542 0.46421392555806 0.532448516723585
0.527755422491181 0.553054662379421 0.261167896812603 0.879457573779522 0.47401413319209 0.498120962982034
0.587555113984672 0.186495176848875 0.0142652230366629 0.762069215881706 0.398529306842724 0.336072748442531
0.510269166585699 0.704180064308682 0.603559387552338 0.478500208370274 0.633098411219159 0.635003685981355
0.0624610948805229 0.170418006430868 0.0627769593630711 0.276878336588371 0.191311884737207 0.129679222701911
0.438583355507429 0.546623794212219 0.317359789168927 0.698315995851059 0.35029663647042 0.477114662466104
0.18416977086641 0.430868167202572 0.702821340058883 0.276878336588371 0.356521730117184 0.457184991660226
0.447783903589461 0.707395498392283 0.651870961301186 0.648112165764814 0.534638273041246 0.633950725660179
0.438583355507429 0.598070739549839 0.514533088885132 0.698315995851059 0.35029663647042 0.540860767863482
0.695499217257465 0.807073954983923 0.111003242028016 0.431951498630542 0.874579280285236 0.685699205160942
0.53738914958334 0.594855305466238 0.435109676650442 0.762069215881706 0.500095463516942 0.54879318330632
0.181917342940274 0.543408360128617 0.535864850877831 0.537928287085493 0.366312269821178 0.470514509058566
0.260588528967486 0.270096463022508 0.288311411730046 0.431951498630542 0.346576482459438 0.271499689003204
0.578199312791976 0.453376205787781 0.134239363260451 0.375096326822705 0.436023626171347 0.448750636563461
0.653265317384876 0.762057877813505 0.364666797680412 0.586407851809814 0.716875680300173 0.666131868525791
0.151308623178288 0.192926045016077 0.223863410653071 0.235132365207418 0.252112530620054 0.189738530282196
0.686351989395285 0.678456591639871 0.381469226123769 0.537928287085493 0.517427000863053 0.629886870399285
0.454221970283483 0.707395498392283 0.535864850877831 0.813835943159381 0.501676371334389 0.611865221905427
0.510269166585699 0.514469453376206 0.288311411730046 0.813835943159381 0.507206372784924 0.474480680131507
0.18416977086641 0.196141479099678 0.00148737797663842 0.537928287085493 0.340416103583224 0.170556628235058
0.412691072495776 0.662379421221865 0.651870961301186 0.478500208370274 0.448486775941402 0.60160083688313
0.499815117673414 0.559485530546624 0.514533088885132 0.375096326822705 0.531226918237214 0.534247221174587
0.384483537113727 0.479099678456592 0.201161614766783 0.375096326822705 0.426793680661606 0.40876721322878
0.148915802055797 0.382636655948553 0.332621505953417 0.698315995851059 0.145365467790682 0.323492898961629
0.24098018014843 0.372990353697749 0.235855628913216 0.698315995851059 0.412423767655536 0.314904957136608
0.0173598159901269 0.308681672025724 0.557806569629416 0.478500208370274 0.102604705247339 0.338739990254008
0.695499217257465 0.594855305466238 0.0731087476037438 0.431951498630542 0.57873976377619 0.562111508104775
0.398314772638361 0.559485530546624 0.261167896812603 0.698315995851059 0.415693902807704 0.467754925749191
0.696088010646013 0.726688102893891 0.45409947520914 0.537928287085493 0.614658214163614 0.66938731412907
0.388045018426088 0.57556270096463 0.274506164680522 0.431951498630542 0.479872737824159 0.476916547966273
0.838144518631749 0.633440514469453 0.348387373858333 0.762069215881706 0.535583839888963 0.651957065140716
0.386621688224214 0.694533762057878 0.223863410653071 0.813835943159381 0.448557388994625 0.547163414253915
0.696088010646013 0.720257234726688 0.317359789168927 0.537928287085493 0.601453659345407 0.648855050627101
0.467010908098507 0.401929260450161 0.090701213861132 0.698315995851059 0.356106073356145 0.380422231234867
0.539309167001666 0.469453376205788 0.332621505953417 0.648112165764814 0.513190266008012 0.465401002291807
0.599645871301088 0.665594855305466 0.398804151407348 0.431951498630542 0.582207394458706 0.600034533351177
0.428631528237526 0.591639871382637 0.180110313162986 0.375096326822705 0.440622893170207 0.486971714563222
0.0282835146738934 0.0932475884244373 0.0377853050533701 0.375096326822705 0.0944321508330788 0.0706105772639151
0.438583355507429 0.617363344051447 0.514533088885132 0.648112165764814 0.361524340521593 0.551877402601134
1 0.47588424437299 0.0845469524040323 0.431951498630542 0.523245623273911 0.626972199417815
0.568794101845926 0.868167202572347 0.580368112670072 0.431951498630542 1 0.739722040882503
0.589420457960256 0.752411575562701 0.348387373858333 0.537928287085493 0.709757243834102 0.641821824201718
0.479355609665668 0.607717041800643 0.473660167079613 0.698315995851059 0.474362779676601 0.547970506866738
0.557124309240246 0.598070739549839 0.493801456461118 0.431951498630542 0.462321868409757 0.566224273806097
0.609814931863165 0.691318327974277 0.729311266753165 0.648112165764814 0.56376540801089 0.678327882535735
0.989261611266378 0.553054662379421 0.30259286301709 0.586407851809814 0.509984631174037 0.667692956287137
0.503416604885957 0.469453376205788 0.627390341539696 0.537928287085493 0.537431022912739 0.515835974705525
0.468350509903207 0.54983922829582 0.317359789168927 0.762069215881706 0.451151329305813 0.486704380771531
0.260588528967486 0.29903536977492 0.398804151407348 0.330754098579341 0.346576482459438 0.313383783087308
0.373014750548881 0.405144694533762 0.0344140650881236 0.109460570166983 0.375564159929875 0.350465846790045
0.409898717987981 0.594855305466238 0.288311411730046 0.698315995851059 0.398584684008125 0.4954640175479
0.0173598159901269 0.360128617363344 0.0451777231561929 0.813835943159381 0.101325476872947 0.259029764605185
0.148915802055797 0.408360128617363 0.416681108881079 0.698315995851059 0.145365467790682 0.358332633697757
0.481679511431888 0.617363344051447 0.348387373858333 0.648112165764814 0.386994929777179 0.534035771584515
0.527755422491181 0.430868167202572 0.090701213861132 0.648112165764814 0.509671346194779 0.416809790772554
0.539309167001666 0.614147909967846 0.473660167079613 0.762069215881706 0.503031061984772 0.566674648997753
0.106695946706262 0.372990353697749 0.729311266753165 0.330754098579341 0.37671321092182 0.432370633873571
0.996599260591482 0.45016077170418 0.151473062091352 0.586407851809814 0.513503431083361 0.618330791035815
0.253291525457569 0.829581993569132 0.493801456461118 0.478500208370274 0.794960997313225 0.650000288878735
0.510269166585699 0.498392282958199 0.702821340058883 0.648112165764814 0.521870524709015 0.550980526576028
0.468015725477365 0.488745980707395 0.332621505953417 0.235132365207418 0.496539776665864 0.4542205811686
0.401484640116385 0.704180064308682 0.651870961301186 0.648112165764814 0.499105691838751 0.623488289801746
0.18416977086641 0.482315112540193 0.677011272611858 0.478500208370274 0.351923543645954 0.474986502860152
0.497518889439109 0.617363344051447 0.317359789168927 0.698315995851059 0.427549275397581 0.533947327510863
0.156060362292449 0.0836012861736334 0.160638560180396 0.0662914220486576 0.337314875714205 0.125482804559897
